[INFO]
XUNLUOPATHCOUNT=4
[XUNLUO0]
XUNLUOPOINTCOUNT=5
X0=168.985123
Y0=-100
Z0=116.833023
X1=169.120026
Y1=-100
Z1=104.810699
X2=137.926483
Y2=-100
Z2=104.150894
X3=138.425293
Y3=-100
Z3=117.082092
X4=168.819077
Y4=-100
Z4=116.806152
X5=142.048157
Y5=-100
Z5=148.479599
X6=142.656677
Y6=-100
Z6=168.274826
X7=142.048157
Y7=-100
Z7=148.479599
X8=142.656677
Y8=-100
Z8=168.274826
[XUNLUO1]
XUNLUOPOINTCOUNT=5
X0=74.264732
Y0=-100
Z0=56.333179
X1=75.539009
Y1=-100
Z1=74.555962
X2=102.653198
Y2=-100
Z2=75.018608
X3=103.401413
Y3=-100
Z3=57.698170
X4=74.489449
Y4=-100
Z4=56.148048
X5=107.089516
Y5=-100
Z5=46.199337
X6=63.488110
Y6=-100
Z6=44.115410
X7=186.748474
Y7=-100
Z7=141.450668
[XUNLUO2]
XUNLUOPOINTCOUNT=5
X0=133.263870
Y0=-100
Z0=37.865566
X1=136.272720
Y1=-100
Z1=66.233002
X2=150.771744
Y2=-100
Z2=66.643692
X3=150.436859
Y3=-100
Z3=38.337215
X4=133.181320
Y4=-100
Z4=37.540295
X5=150.436859
Y5=-100
Z5=38.337215
X6=133.181320
Y6=-100
Z6=37.540295
X7=99.425545
Y7=-100
Z7=59.281578
X8=61.373760
Y8=-100
Z8=69.155251
X9=59.174423
Y9=-100
Z9=96.307655
[XUNLUO3]
XUNLUOPOINTCOUNT=5
X0=102.307793
Y0=-100
Z0=138.073822
X1=102.231667
Y1=-100
Z1=155.256287
X2=133.019623
Y2=-100
Z2=154.951492
X3=132.304901
Y3=-100
Z3=138.485886
X4=102.408302
Y4=-100
Z4=137.613647
X5=150.436859
Y5=-100
Z5=38.337215
X6=133.181320
Y6=-100
Z6=37.540295
[XUNLUO4]
XUNLUOPOINTCOUNT=0
