[teleport_info]
teleport_count=2
[teleport0]
guid=0
lua_index=490031
teleport_l=22.000000
teleport_t=105.000000
teleport_r=29.000000
teleport_b=116.000000
[teleport1]
guid=1
lua_index=490026
teleport_l=108.000000
teleport_t=19.000000
teleport_r=120.000000
teleport_b=30.000000
