[teleport_info]
teleport_count=1
[teleport0]
guid=0
lua_index=550704
teleport_l=27.000000
teleport_t=19.000000
teleport_r=34.000000
teleport_b=23.000000
