[INFO]
XUNLUOPATHCOUNT=1
[XUNLUO0]
XUNLUOPOINTCOUNT=23
X0=127.757553
Y0=-100
Z0=206.017212
X1=126.249237
Y1=-100
Z1=160.491028
X2=153.704498
Y2=-100
Z2=159.812744
X3=152.694061
Y3=-100
Z3=99.232582
X4=130.653183
Y4=-100
Z4=99.965569
X5=129.839706
Y5=-100
Z5=71.463158
X6=117.567947
Y6=-100
Z6=60.472488
X7=117.603180
Y7=-100
Z7=53.255318
X8=120.877243
Y8=-100
Z8=48.129322
X9=138.151108
Y9=-100
Z9=48.310493
X10=142.439514
Y10=-100
Z10=54.645248
X11=142.369308
Y11=-100
Z11=62.040112
X12=134.953079
Y12=-100
Z12=70.172951
X13=128.000031
Y13=-100
Z13=69.977005
X14=128.951279
Y14=-100
Z14=100.065636
X15=97.286476
Y15=-100
Z15=99.008209
X16=100.921898
Y16=-100
Z16=156.200119
X17=81.374763
Y17=-100
Z17=177.652267
X18=99.406517
Y18=-100
Z18=202.114899
X19=112.136887
Y19=-100
Z19=223.568787
X20=130.020508
Y20=-100
Z20=225.691666
X21=139.883545
Y21=-100
Z21=214.518738
X22=127.757553
Y22=-100
Z22=206.017212
