[INFO]
XUNLUOPATHCOUNT=4
[XUNLUO0]
XUNLUOPOINTCOUNT=5
X0=157.451416
Y0=-100
Z0=78.271164
X1=147.889648
Y1=-100
Z1=83.602005
X2=139.414063
Y2=-100
Z2=77.599495
X3=130.437897
Y3=-100
Z3=82.033699
X4=120.787018
Y4=-100
Z4=75.900787
X5=90.227493
Y5=-100
Z5=82.777519
X6=98.638893
Y6=-100
Z6=82.723610
X7=98.738831
Y7=-100
Z7=51.633602
X8=58.203785
Y8=-100
Z8=51.515923
[XUNLUO1]
XUNLUOPOINTCOUNT=5
X0=99.265419
Y0=-100
Z0=54.290142
X1=75.378250
Y1=-100
Z1=56.686348
X2=74.031746
Y2=-100
Z2=66.805084
X3=98.286385
Y3=-100
Z3=68.785995
X4=99.761864
Y4=-100
Z4=56.217674
X5=102.938690
Y5=-100
Z5=79.424637
X6=134.034973
Y6=-100
Z6=79.584198
[XUNLUO2]
XUNLUOPOINTCOUNT=5
X0=110.485100
Y0=-100
Z0=170.793716
X1=81.702774
Y1=-100
Z1=169.645645
X2=82.014626
Y2=-100
Z2=185.659012
X3=112.740929
Y3=-100
Z3=186.556488
X4=110.257095
Y4=-100
Z4=170.900360
X5=82.014626
Y5=-100
Z5=185.659012
X6=112.740929
Y6=-100
Z6=186.556488
X7=131.903076
Y7=-100
Z7=186.405945
[XUNLUO3]
XUNLUOPOINTCOUNT=5
X0=176.297897
Y0=-100
Z0=119.028473
X1=202.004654
Y1=-100
Z1=122.041664
X2=196.138306
Y2=-100
Z2=133.384933
X3=170.453491
Y3=-100
Z3=129.123260
X4=176.184570
Y4=-100
Z4=119.095009
X5=182.947037
Y5=-100
Z5=130.162247
X6=182.483139
Y6=-100
Z6=166.036713
