[teleport_info]
teleport_count=2
[teleport0]
guid=0
lua_index=300405
teleport_l=199.000000
teleport_t=49.000000
teleport_r=209.000000
teleport_b=58.000000
[teleport1]
guid=1
lua_index=300463
teleport_l=184.000000
teleport_t=202.000000
teleport_r=193.000000
teleport_b=211.000000
