[teleport_info]
teleport_count=1
[teleport0]
guid=0
lua_index=270154 ;籵厘綴僧
teleport_l=259.000000
teleport_t=431.000000
teleport_r=263.000000
teleport_b=435.000000