[pkarea_info]
pkarea_count=1

[pkarea0]
type=0
guid=1
camp=-1
pkarea_r=243.000000
pkarea_t=102.000000
pkarea_l=267.000000
pkarea_b=126.000000
