[teleport_info]
teleport_count=1
[teleport0]
guid=0
lua_index=300535
teleport_l=224.000000
teleport_t=67.000000
teleport_r=231.000000
teleport_b=75.000000
