[teleport_info]
teleport_count=2
[teleport0]
guid=0
lua_index=300539
teleport_l=84.000000
teleport_t=17.000000
teleport_r=92.000000
teleport_b=25.000000
[teleport1]
guid=1
lua_index=300540
teleport_l=200.000000
teleport_t=233.000000
teleport_r=208.000000
teleport_b=241.000000
