[INFO]
XUNLUOPATHCOUNT=6
[XUNLUO0]
XUNLUOPOINTCOUNT=4
X0=111.647598
Y0=-100
Z0=163.631500
X1=115.155609
Y1=-100
Z1=175.222107
X2=127.996002
Y2=-100
Z2=200.850388
X3=132.611801
Y3=-100
Z3=209.287994
[XUNLUO1]
XUNLUOPOINTCOUNT=5
X0=102.111511
Y0=-100
Z0=109.933701
X1=98.768494
Y1=-100
Z1=98.139389
X2=101.483490
Y2=-100
Z2=89.419403
X3=102.072906
Y3=-100
Z3=79.749298
X4=102.241501
Y4=-100
Z4=70.624001
[XUNLUO2]
XUNLUOPOINTCOUNT=5
X0=113.741608
Y0=-100
Z0=29.077999
X1=108.827209
Y1=-100
Z1=41.601501
X2=103.328400
Y2=-100
Z2=49.327400
X3=104.018402
Y3=-100
Z3=58.435699
X4=102.393799
Y4=-100
Z4=65.292297
[XUNLUO3]
XUNLUOPOINTCOUNT=2
X0=161.025299
Y0=-100
Z0=143.650696
X1=160.571793
Y1=-100
Z1=116.356705
[XUNLUO4]
XUNLUOPOINTCOUNT=2
X0=45.831299
Y0=-100
Z0=146.014725
X1=66.278046
Y1=-100
Z1=148.756271
[XUNLUO5]
XUNLUOPOINTCOUNT=19
X0=56.543571
Y0=-100
Z0=149.754578
X1=50.204147
Y1=-100
Z1=165.710403
X2=38.784050
Y2=-100
Z2=191.426743
X3=37.286720
Y3=-100
Z3=210.606094
X4=49.869637
Y4=-100
Z4=220.617111
X5=71.687462
Y5=-100
Z5=217.199097
X6=92.010979
Y6=-100
Z6=216.389572
X7=131.429581
Y7=-100
Z7=217.815933
X8=169.881119
Y8=-100
Z8=213.938904
X9=192.155273
Y9=-100
Z9=201.499527
X10=204.194183
Y10=-100
Z10=192.992691
X11=204.212631
Y11=-100
Z11=175.389587
X12=205.737915
Y12=-100
Z12=144.577377
X13=202.893570
Y13=-100
Z13=134.978882
X14=196.755783
Y14=-100
Z14=128.803040
X15=178.959915
Y15=-100
Z15=136.762131
X16=148.433456
Y16=-100
Z16=144.871368
X17=103.187469
Y17=-100
Z17=155.662094
X18=70.155228
Y18=-100
Z18=146.933044
