[teleport_info]
teleport_count=2
[teleport0]
guid=0
lua_index=550504
teleport_l=0.000000
teleport_t=129.000000
teleport_r=11.000000
teleport_b=142.000000
[teleport1]
guid=1
lua_index=310083
teleport_l=66.0000
teleport_t=143.0000
teleport_r=74.0000
teleport_b=150.0000