[INFO]
XUNLUOPATHCOUNT=2
[XUNLUO0]
XUNLUOPOINTCOUNT=7
X0=214.135208
Y0=-100
Z0=165.403870
X1=195.871719
Y1=-100
Z1=157.506226
X2=186.530212
Y2=-100
Z2=152.282974
X3=179.840271
Y3=-100
Z3=144.044647
X4=169.488831
Y4=-100
Z4=138.470657
X5=157.564926
Y5=-100
Z5=131.683945
X6=147.580139
Y6=-100
Z6=125.733795
[XUNLUO1]
XUNLUOPOINTCOUNT=9
X0=209.700668
Y0=-100
Z0=173.920197
X1=198.782425
Y1=-100
Z1=165.737091
X2=189.524612
Y2=-100
Z2=160.444916
X3=182.995102
Y3=-100
Z3=155.089645
X4=175.630432
Y4=-100
Z4=146.550995
X5=166.171997
Y5=-100
Z5=142.615295
X6=156.397232
Y6=-100
Z6=137.810547
X7=149.650330
Y7=-100
Z7=133.339890
X8=140.479889
Y8=-100
Z8=128.543350
