[teleport_info]
teleport_count=2
[teleport0]
guid=1
lua_index=700023
teleport_l=87.000000
teleport_t=23.000000
teleport_r=99.000000
teleport_b=35.000000
[teleport1]
guid=2
lua_index=700023
teleport_l=4.000000
teleport_t=110.000000
teleport_r=18.000000
teleport_b=122.000000
