[teleport_info]
teleport_count=1
[teleport0]
guid=0
lua_index=300589
teleport_l=63.000000
teleport_t=25.000000
teleport_r=69.000000
teleport_b=30.000000

