[teleport_info]
teleport_count=4
[teleport0]
guid=0
lua_index=700024
teleport_l=118.000000
teleport_t=28.000000
teleport_r=139.000000
teleport_b=51.000000
[teleport1]
guid=1
lua_index=700024
teleport_l=122.000000
teleport_t=226.000000
teleport_r=134.000000
teleport_b=244.000000
[teleport2]
guid=2
lua_index=700024
teleport_l=104.000000
teleport_t=156.000000
teleport_r=152.000000
teleport_b=165.000000
[teleport3]
guid=3
lua_index=700024
teleport_l=104.000000
teleport_t=200.000000
teleport_r=152.000000
teleport_b=210.000000
