[teleport_info]
teleport_count=1
[teleport0]
guid=0
lua_index=300295
teleport_l=28.000000
teleport_t=18.000000
teleport_r=33.000000
teleport_b=23.000000
