[INFO]
XUNLUOPATHCOUNT=6
[XUNLUO0]
XUNLUOPOINTCOUNT=4
X0=111.647598
Y0=-100
Z0=163.631500
X1=115.155609
Y1=-100
Z1=175.222107
X2=127.996002
Y2=-100
Z2=200.850388
X3=132.611801
Y3=-100
Z3=209.287994
[XUNLUO1]
XUNLUOPOINTCOUNT=5
X0=102.111511
Y0=-100
Z0=109.933701
X1=98.768494
Y1=-100
Z1=98.139389
X2=101.483490
Y2=-100
Z2=89.419403
X3=102.072906
Y3=-100
Z3=79.749298
X4=102.241501
Y4=-100
Z4=70.624001
[XUNLUO2]
XUNLUOPOINTCOUNT=5
X0=113.741608
Y0=-100
Z0=29.077999
X1=108.827209
Y1=-100
Z1=41.601501
X2=103.328400
Y2=-100
Z2=49.327400
X3=104.018402
Y3=-100
Z3=58.435699
X4=102.393799
Y4=-100
Z4=65.292297
[XUNLUO3]
XUNLUOPOINTCOUNT=2
X0=161.025299
Y0=-100
Z0=143.650696
X1=160.571793
Y1=-100
Z1=116.356705
[XUNLUO4]
XUNLUOPOINTCOUNT=2
X0=45.831299
Y0=-100
Z0=146.014725
X1=66.278046
Y1=-100
Z1=148.756271
[XUNLUO5]
XUNLUOPOINTCOUNT=18
X0=161.436447
Y0=-100
Z0=75.255646
X1=140.927872
Y1=-100
Z1=38.804451
X2=102.708679
Y2=-100
Z2=36.423515
X3=106.538467
Y3=-100
Z3=69.091797
X4=110.498291
Y4=-100
Z4=90.557892
X5=94.629608
Y5=-100
Z5=93.710915
X6=81.741035
Y6=-100
Z6=102.393433
X7=74.173561
Y7=-100
Z7=112.951324
X8=67.598358
Y8=-100
Z8=118.348022
X9=61.969666
Y9=-100
Z9=127.991684
X10=65.118866
Y10=-100
Z10=136.213150
X11=69.487366
Y11=-100
Z11=144.534195
X12=90.623230
Y12=-100
Z12=140.885696
X13=127.636887
Y13=-100
Z13=139.676880
X14=127.412537
Y14=-100
Z14=116.159576
X15=128.714264
Y15=-100
Z15=94.012146
X16=128.886673
Y16=-100
Z16=86.114403
X17=148.983871
Y17=-100
Z17=87.408035
