[teleport_info]
teleport_count=2
[teleport0]
guid=0
lua_index=700084
teleport_l=33.000000
teleport_t=184.000000
teleport_r=50.000000
teleport_b=205.000000
[teleport1]
guid=1
lua_index=700084
teleport_l=189.000000
teleport_t=38.000000
teleport_r=204.000000
teleport_b=53.000000
