[INFO]
XUNLUOPATHCOUNT=4
[XUNLUO0]
XUNLUOPOINTCOUNT=5
X0=132.888779
Y0=-100
Z0=50.199242
X1=176.185242
Y1=-100
Z1=50.467457
X2=179.235611
Y2=-100
Z2=64.388527
X3=133.264130
Y3=-100
Z3=64.611588
X4=131.931046
Y4=-100
Z4=50.410667
X5=192.676422
Y5=-100
Z5=185.894058
X6=163.526917
Y6=-100
Z6=150.299774
X7=188.901093
Y7=-100
Z7=149.399048
X8=184.323746
Y8=-100
Z8=182.286774
[XUNLUO1]
XUNLUOPOINTCOUNT=5
X0=180.845871
Y0=-100
Z0=94.346909
X1=201.071274
Y1=-100
Z1=95.042953
X2=200.793549
Y2=-100
Z2=112.423218
X3=178.612534
Y3=-100
Z3=110.806938
X4=180.000626
Y4=-100
Z4=94.315575
X5=178.364029
Y5=-100
Z5=107.739265
X6=180.000626
Y6=-100
Z6=94.315575
X7=67.029816
Y7=-100
Z7=138.868942
X8=58.528534
Y8=-100
Z8=140.750000
X9=58.040585
Y9=-100
Z9=161.122086
[XUNLUO2]
XUNLUOPOINTCOUNT=5
X0=171.708191
Y0=-100
Z0=149.886032
X1=191.077713
Y1=-100
Z1=149.920593
X2=191.239685
Y2=-100
Z2=176.065018
X3=168.387939
Y3=-100
Z3=175.654907
X4=169.577454
Y4=-100
Z4=150.435760
X5=178.086563
Y5=-100
Z5=91.673676
X6=178.350876
Y6=-100
Z6=68.894409
X7=177.674362
Y7=-100
Z7=53.396297
X8=198.847794
Y8=-100
Z8=69.791496
X9=198.810837
Y9=-100
Z9=53.771053
X10=180.458710
Y10=-100
Z10=67.672211
[XUNLUO3]
XUNLUOPOINTCOUNT=5
X0=103.493484
Y0=-100
Z0=181.433899
X1=136.851028
Y1=-100
Z1=181.853088
X2=138.785095
Y2=-100
Z2=194.203827
X3=103.512054
Y3=-100
Z3=193.865204
X4=103.409943
Y4=-100
Z4=182.586990
X5=76.974655
Y5=-100
Z5=66.236496
X6=77.183060
Y6=-100
Z6=75.761520
X7=98.395340
Y7=-100
Z7=76.311905
X8=98.610451
Y8=-100
Z8=83.754593
X9=78.261276
Y9=-100
Z9=83.938515
