[teleport_info]
teleport_count=1
[teleport0]
guid=0
lua_index=490416
teleport_l=28.000000
teleport_t=19.000000
teleport_r=32.000000
teleport_b=21.000000
