[teleport_info]
teleport_count=2
[teleport0]
guid=0
lua_index=700090
teleport_l=34.000000
teleport_t=78.000000
teleport_r=55.000000
teleport_b=94.000000
[teleport1]
guid=1
lua_index=700090
teleport_l=187.000000
teleport_t=43.000000
teleport_r=199.000000
teleport_b=55.000000
