[teleport_info]
teleport_count=2
[teleport0]
guid=0
lua_index=300525
teleport_l=46.000000
teleport_t=55.000000
teleport_r=55.000000
teleport_b=64.000000
[teleport1]
guid=1
lua_index=300526
teleport_l=34.000000
teleport_t=124.000000
teleport_r=43.000000
teleport_b=133.000000
