[teleport_info]
teleport_count=2
[teleport0]
guid=0
lua_index=888891
teleport_l=75.000000
teleport_t=200.000000
teleport_r=85.000000
teleport_b=210.000000
[teleport1]
guid=1
lua_index=888891
teleport_l=1.000000
teleport_t=1.000000
teleport_r=255.000000
teleport_b=255.000000