[teleport_info]
teleport_count=2
[teleport0]
guid=0
lua_index=700108
teleport_l=23.000000
teleport_t=107.000000
teleport_r=31.000000
teleport_b=114.000000
[teleport1]
guid=1
lua_index=700108
teleport_l=176.000000
teleport_t=103.000000
teleport_r=187.000000
teleport_b=111.000000
