[INFO]
XUNLUOPATHCOUNT=6
[XUNLUO0]
XUNLUOPOINTCOUNT=4
X0=177.179932
Y0=-100
Z0=110.428925
X1=179.812912
Y1=-100
Z1=126.195213
X2=176.278214
Y2=-100
Z2=146.210571
X3=172.384354
Y3=-100
Z3=165.180069
[XUNLUO1]
XUNLUOPOINTCOUNT=5
X0=171.192886
Y0=-100
Z0=166.883591
X1=160.301224
Y1=-100
Z1=182.945709
X2=150.959229
Y2=-100
Z2=190.819992
X3=145.232971
Y3=-100
Z3=194.906067
X4=137.376801
Y4=-100
Z4=195.004913
[XUNLUO2]
XUNLUOPOINTCOUNT=4
X0=132.196350
Y0=-100
Z0=197.983780
X1=119.513245
Y1=-100
Z1=198.461823
X2=100.542648
Y2=-100
Z2=196.927597
X3=92.416466
Y3=-100
Z3=197.451294
[XUNLUO3]
XUNLUOPOINTCOUNT=4
X0=90.664177
Y0=-100
Z0=197.433563
X1=80.345558
Y1=-100
Z1=194.295776
X2=74.385376
Y2=-100
Z2=191.708344
X3=67.823723
Y3=-100
Z3=183.653198
[XUNLUO4]
XUNLUOPOINTCOUNT=11
X0=155.343292
Y0=-100
Z0=71.232872
X1=147.097244
Y1=-100
Z1=68.671600
X2=140.700348
Y2=-100
Z2=65.112694
X3=143.621887
Y3=-100
Z3=58.224213
X4=139.741821
Y4=-100
Z4=56.081734
X5=135.968124
Y5=-100
Z5=63.236679
X6=129.832870
Y6=-100
Z6=61.020512
X7=129.287369
Y7=-100
Z7=53.609344
X8=124.590744
Y8=-100
Z8=51.473785
X9=124.087357
Y9=-100
Z9=58.527023
X10=118.958099
Y10=-100
Z10=60.881538
[XUNLUO5]
XUNLUOPOINTCOUNT=5
X0=115.955765
Y0=-100
Z0=59.757599
X1=107.539703
Y1=-100
Z1=59.852398
X2=97.871483
Y2=-100
Z2=61.453594
X3=90.104660
Y3=-100
Z3=62.482540
X4=86.792610
Y4=-100
Z4=64.011887
X5=174.398117
Y5=-100
Z5=108.585419
