[teleport_info]
teleport_count=2
[teleport0]
guid=0
lua_index=300412
teleport_l=15.000000
teleport_t=141.000000
teleport_r=23.000000
teleport_b=149.000000
[teleport1]
guid=1
lua_index=300483
teleport_l=234.000000
teleport_t=134.000000
teleport_r=247.000000
teleport_b=144.000000

