[teleport_info]
teleport_count=3
[teleport0]
guid=0
lua_index=888891
teleport_l=190.000000
teleport_t=150.000000
teleport_r=205.000000
teleport_b=165.000000
[teleport1]
guid=1
lua_index=203312
teleport_l=58.000000
teleport_t=165.000000
teleport_r=65.000000
teleport_b=178.000000
[teleport2]
guid=2
lua_index=888891
teleport_l=1.000000
teleport_t=1.000000
teleport_r=255.000000
teleport_b=255.000000
