[teleport_info]
teleport_count=3
[teleport0]
guid=0
lua_index=300206
teleport_l=1.0000
teleport_t=137.0000
teleport_r=9.0000
teleport_b=150.0000
[teleport1]
guid=1
lua_index=300522
teleport_l=231.0000
teleport_t=92.0000
teleport_r=240.0000
teleport_b=106.0000
[teleport2]
guid=2
lua_index=888891
teleport_l=220.000000
teleport_t=97.000000
teleport_r=228.000000
teleport_b=101.000000