[INFO]
XUNLUOPATHCOUNT=11
[XUNLUO0]
XUNLUOPOINTCOUNT=2
X0=94.9541
Y0=-100
Z0=227.9759
X1=95.0000
Y1=-100
Z1=214.0000
settletime1=200000
[XUNLUO1]
XUNLUOPOINTCOUNT=2
X0=205.7862
Y0=-100
Z0=206.0416
X1=214.4872
Y1=-100
Z1=206.2139
settletime1=200000
[XUNLUO2]
XUNLUOPOINTCOUNT=2
X0=204.1044
Y0=-100
Z0=203.7996
X1=212.5518
Y1=-100
Z1=203.5767
settletime1=200000
[XUNLUO3]
XUNLUOPOINTCOUNT=2
X0=204.2096
Y0=-100
Z0=205.2391
X1=212.5355
Y1=-100
Z1=205.2690
settletime1=200000
[XUNLUO4]
XUNLUOPOINTCOUNT=2
X0=204.2675
Y0=-100
Z0=206.7597
X1=212.6582
Y1=-100
Z1=207.0414
settletime1=200000
[XUNLUO5]
XUNLUOPOINTCOUNT=2
X0=204.3732
Y0=-100
Z0=208.2915
X1=212.6441
Y1=-100
Z1=208.6920
settletime1=200000
[XUNLUO6]
XUNLUOPOINTCOUNT=2
X0=214.1412
Y0=-100
Z0=217.6203
X1=216.9900
Y1=-100
Z1=211.5414
settletime1=200000
[XUNLUO7]
XUNLUOPOINTCOUNT=2
X0=213.0141
Y0=-100
Z0=217.4029
X1=215.8252
Y1=-100
Z1=211.2627
settletime1=200000
[XUNLUO8]
XUNLUOPOINTCOUNT=2
X0=215.0514
Y0=-100
Z0=218.4295
X1=217.8305
Y1=-100
Z1=212.2919
settletime1=200000
[XUNLUO9]
XUNLUOPOINTCOUNT=2
X0=219.5403
Y0=-100
Z0=195.8635
X1=219.3790
Y1=-100
Z1=202.3304
settletime1=200000
[XUNLUO10]
XUNLUOPOINTCOUNT=11
X0=40.070683
Y0=-100
Z0=36.404308
X1=49.189953
Y1=-100
Z1=60.559860
X2=53.762714
Y2=-100
Z2=98.491508
X3=84.161400
Y3=-100
Z3=101.715218
X4=119.363251
Y4=-100
Z4=100.105804
X5=130.452179
Y5=-100
Z5=87.788788
X6=129.486435
Y6=-100
Z6=44.530167
X7=130.309937
Y7=-100
Z7=31.843233
X8=101.792809
Y8=-100
Z8=30.508770
X9=75.867455
Y9=-100
Z9=37.018417
X10=39.872295
Y10=-100
Z10=36.109921
