[teleport_info]
teleport_count=2
[teleport0]
guid=0
lua_index=700091
teleport_l=95.000000
teleport_t=33.000000
teleport_r=118.000000
teleport_b=51.000000
[teleport1]
guid=1
lua_index=700091
teleport_l=7.000000
teleport_t=61.000000
teleport_r=19.000000
teleport_b=76.000000
