[teleport_info]
teleport_count=2
[teleport0]
guid=0
lua_index=490413
teleport_l=13.000000
teleport_t=16.000000
teleport_r=24.000000
teleport_b=22.000000
[teleport1]
guid=1
lua_index=490414
teleport_l=62.000000
teleport_t=13.000000
teleport_r=72.000000
teleport_b=27.000000
