[pkarea_info]
pkarea_count=4

[pkarea0]
type=0
guid=1
camp=-1
pkarea_l=111.000000
pkarea_t=316.000000
pkarea_r=123.000000
pkarea_b=368.000000

[pkarea1]
type=0
guid=1
camp=-1
pkarea_l=123.000000
pkarea_t=256.000000
pkarea_r=173.000000
pkarea_b=395.000000

[pkarea2]
type=0
guid=1
camp=-1
pkarea_l=173.000000
pkarea_t=308.000000
pkarea_r=243.000000
pkarea_b=392.000000

[pkarea3]
type=0
guid=1
camp=-1
pkarea_l=243.000000
pkarea_t=331.000000
pkarea_r=269.000000
pkarea_b=390.000000