[teleport_info]
teleport_count=2
[teleport0]
guid=0
lua_index=300477
teleport_l=158.000000
teleport_t=5.000000
teleport_r=172.000000
teleport_b=19.000000
[teleport1]
guid=1
lua_index=888891
teleport_l=179.000000
teleport_t=194.000000
teleport_r=187.000000
teleport_b=205.000000
