[INFO]
XUNLUOPATHCOUNT=1
[XUNLUO0]
XUNLUOPOINTCOUNT=12
X0=114.412079
Y0=-100
Z0=90.244476
X1=114.025665
Y1=-100
Z1=113.827957
X2=85.531670
Y2=-100
Z2=113.173241
X3=87.263771
Y3=-100
Z3=64.162743
X4=46.634403
Y4=-100
Z4=62.577660
X5=46.251179
Y5=-100
Z5=88.019089
X6=59.752251
Y6=-100
Z6=103.186226
X7=59.658833
Y7=-100
Z7=113.656715
X8=16.548731
Y8=-100
Z8=112.913551
X9=13.246880
Y9=-100
Z9=86.483871
X10=15.756997
Y10=-100
Z10=25.238882
X11=63.848976
Y11=-100
Z11=25.433926
