[teleport_info]
teleport_count=1
[teleport0]
guid=0
lua_index=490103
teleport_l=109.000000
teleport_t=6.000000
teleport_r=119.000000
teleport_b=12.000000
