[teleport_info]
teleport_count=1
[teleport0]
guid=0
lua_index=490104
teleport_l=16.000000
teleport_t=14.000000
teleport_r=31.000000
teleport_b=22.000000
