[INFO]
XUNLUOPATHCOUNT=1
[XUNLUO0]
XUNLUOPOINTCOUNT=6
X0=29.315508
Y0=-100
Z0=48.350750
X1=29.184015
Y1=-100
Z1=74.322998
X2=40.676868
Y2=-100
Z2=92.692909
X3=71.234505
Y3=-100
Z3=92.973953
X4=90.616035
Y4=-100
Z4=63.005959
X5=95.432182
Y5=-100
Z5=33.346134
