[INFO]
XUNLUOPATHCOUNT=1
[XUNLUO0]
XUNLUOPOINTCOUNT=23
X0=80.377052
Y0=-100
Z0=94.335815
X1=99.038277
Y1=-100
Z1=115.518814
X2=116.272881
Y2=-100
Z2=124.597366
X3=135.578400
Y3=-100
Z3=137.585037
X4=163.614334
Y4=-100
Z4=133.376114
X5=161.420135
Y5=-100
Z5=109.926277
X6=171.570160
Y6=-100
Z6=88.768585
X7=193.598663
Y7=-100
Z7=84.775772
X8=205.173935
Y8=-100
Z8=111.667183
X9=213.358643
Y9=-100
Z9=138.048859
X10=213.463104
Y10=-100
Z10=168.784225
X11=183.901230
Y11=-100
Z11=174.532623
X12=160.206970
Y12=-100
Z12=161.068497
X13=160.511932
Y13=-100
Z13=137.064865
X14=131.122253
Y14=-100
Z14=140.272369
X15=99.817520
Y15=-100
Z15=138.449997
X16=88.816010
Y16=-100
Z16=169.918274
X17=59.467983
Y17=-100
Z17=175.991318
X18=41.596535
Y18=-100
Z18=162.022400
X19=53.048180
Y19=-100
Z19=135.937820
X20=60.747154
Y20=-100
Z20=113.712814
X21=72.535919
Y21=-100
Z21=109.680984
X22=80.151466
Y22=-100
Z22=94.293633
