[teleport_info]
teleport_count=2
[teleport0]
guid=0
lua_index=300525
teleport_l=57.000000
teleport_t=55.000000
teleport_r=67.000000
teleport_b=65.000000
[teleport1]
guid=1
lua_index=300526
teleport_l=39.000000
teleport_t=183.000000
teleport_r=44.000000
teleport_b=193.000000
