[teleport_info]
teleport_count=4
[teleport0]
guid=0
lua_index=300594
teleport_l=247.000000
teleport_t=133.000000
teleport_r=256.000000
teleport_b=157.000000
[teleport1]
guid=1
lua_index=300595
teleport_l=113.000000
teleport_t=3.000000
teleport_r=145.000000
teleport_b=15.000000
[teleport2]
guid=2
lua_index=490203
teleport_l=233.000000
teleport_t=115.000000
teleport_r=247.000000
teleport_b=134.000000
[teleport3]
guid=3
lua_index=490202
teleport_l=34.000000
teleport_t=53.000000
teleport_r=46.000000
teleport_b=64.000000
