[teleport_info]
teleport_count=2
[teleport0]
guid=0
lua_index=270167
teleport_l=44.000000
teleport_t=57.000000
teleport_r=54.000000
teleport_b=64.000000
[teleport1]
guid=1
lua_index=270168
teleport_l=103.000000
teleport_t=237.000000
teleport_r=113.000000
teleport_b=245.000000
