[teleport_info]
teleport_count=2
[teleport0]
guid=0
lua_index=490029
teleport_l=3.000000
teleport_t=104.000000
teleport_r=15.000000
teleport_b=122.000000
[teleport1]
guid=1
lua_index=490034
teleport_l=108.000000
teleport_t=115.000000
teleport_r=122.000000
teleport_b=123.000000
