[INFO]
XUNLUOPATHCOUNT=4
[XUNLUO0]
XUNLUOPOINTCOUNT=5
X0=172.949356
Y0=-100
Z0=176.550369
X1=197.078598
Y1=-100
Z1=176.550369
X2=199.520050
Y2=-100
Z2=164.388947
X3=170.797989
Y3=-100
Z3=163.862885
X4=172.167313
Y4=-100
Z4=176.263977
X5=152.351196
Y5=-100
Z5=186.268326
X6=152.065659
Y6=-100
Z6=196.217300
X7=201.269821
Y7=-100
Z7=198.325104
X8=204.108688
Y8=-100
Z8=150.345474
[XUNLUO1]
XUNLUOPOINTCOUNT=5
X0=173.005142
Y0=-100
Z0=91.663696
X1=191.625504
Y1=-100
Z1=93.064240
X2=192.289597
Y2=-100
Z2=72.633484
X3=173.911713
Y3=-100
Z3=71.966827
X4=172.992432
Y4=-100
Z4=91.937119
X5=195.892502
Y5=-100
Z5=54.695404
X6=198.109604
Y6=-100
Z6=111.276711
X7=160.567139
Y7=-100
Z7=112.118515
X8=161.418091
Y8=-100
Z8=60.036049
[XUNLUO2]
XUNLUOPOINTCOUNT=5
X0=130.738892
Y0=-100
Z0=83.953888
X1=123.025612
Y1=-100
Z1=92.773293
X2=133.235687
Y2=-100
Z2=97.908821
X3=121.497406
Y3=-100
Z3=103.228096
X4=133.398819
Y4=-100
Z4=113.977158
X5=120.368752
Y5=-100
Z5=146.938309
X6=57.822071
Y6=-100
Z6=95.600929
X7=92.207909
Y7=-100
Z7=96.330856
[XUNLUO3]
XUNLUOPOINTCOUNT=5
X0=84.539352
Y0=-100
Z0=133.717834
X1=85.439453
Y1=-100
Z1=114.234558
X2=69.367485
Y2=-100
Z2=113.743065
X3=68.349716
Y3=-100
Z3=134.164261
X4=84.440453
Y4=-100
Z4=133.885544
X5=171.547165
Y5=-100
Z5=85.787346
X6=181.666229
Y6=-100
Z6=109.063057
X7=171.547165
Y7=-100
Z7=85.787346
