[teleport_info]
teleport_count=2
[teleport0]
guid=0
lua_index=700092
teleport_l=88.000000
teleport_t=7.000000
teleport_r=105.000000
teleport_b=24.000000
[teleport1]
guid=1
lua_index=700092
teleport_l=12.000000
teleport_t=114.000000
teleport_r=24.000000
teleport_b=124.000000
