[teleport_info]
teleport_count=3
[teleport0]
guid=0
lua_index=300478
teleport_l=62.000000
teleport_t=17.000000
teleport_r=68.000000
teleport_b=23.000000
[teleport1]
guid=1
lua_index=300476
teleport_l=120.000000
teleport_t=232.000000
teleport_r=134.000000
teleport_b=249.000000
[teleport2]
guid=2
lua_index=888891
teleport_l=45.000000
teleport_t=205.000000
teleport_r=60.000000
teleport_b=219.000000
