[teleport_info]
teleport_count=3
[teleport0]
guid=0
lua_index=300523
teleport_l=61.000000
teleport_t=44.000000
teleport_r=70.000000
teleport_b=53.000000
[teleport1]
guid=1
lua_index=300524
teleport_l=199.000000
teleport_t=194.000000
teleport_r=208.000000
teleport_b=203.000000
[teleport2]
guid=2
lua_index=888891
teleport_l=62
teleport_t=85
teleport_r=67
teleport_b=90