[teleport_info]
teleport_count=2
[teleport0]
guid=0
lua_index=300544
teleport_l=240.000000
teleport_t=158.000000
teleport_r=251.000000
teleport_b=170.000000
[teleport1]
guid=1
lua_index=300546
teleport_l=4.000000
teleport_t=122.000000
teleport_r=16.000000
teleport_b=131.000000
