[teleport_info]
teleport_count=3
[teleport0]
guid=0
lua_index=490481
teleport_l=17.000000
teleport_t=15.000000
teleport_r=23.000000
teleport_b=22.000000
[teleport1]
guid=1
lua_index=490483
teleport_l=79.000000
teleport_t=102.000000
teleport_r=87.000000
teleport_b=109.000000
[teleport2]
guid=2
lua_index=490485
teleport_l=65.000000
teleport_t=15.000000
teleport_r=72.000000
teleport_b=24.000000