[INFO]
XUNLUOPATHCOUNT=1
[XUNLUO0]
XUNLUOPOINTCOUNT=38
X0=101.910576
Y0=-100
Z0=128.868179
X1=82.854691
Y1=-100
Z1=129.397583
X2=72.886787
Y2=-100
Z2=119.537590
X3=70.867973
Y3=-100
Z3=102.870911
X4=83.534256
Y4=-100
Z4=92.881714
X5=96.675186
Y5=-100
Z5=88.811363
X6=112.054756
Y6=-100
Z6=88.295898
X7=127.691025
Y7=-100
Z7=88.056328
X8=127.839691
Y8=-100
Z8=104.958733
X9=140.844986
Y9=-100
Z9=114.672356
X10=156.637497
Y10=-100
Z10=128.136581
X11=183.404190
Y11=-100
Z11=128.762665
X12=184.311722
Y12=-100
Z12=109.888840
X13=175.102570
Y13=-100
Z13=93.393929
X14=163.033493
Y14=-100
Z14=82.389259
X15=146.783600
Y15=-100
Z15=83.873512
X16=128.384583
Y16=-100
Z16=88.185326
X17=121.199707
Y17=-100
Z17=107.941055
X18=106.393173
Y18=-100
Z18=121.562012
X19=92.120247
Y19=-100
Z19=130.189697
X20=74.474182
Y20=-100
Z20=141.264099
X21=79.069733
Y21=-100
Z21=156.361893
X22=89.702766
Y22=-100
Z22=169.101501
X23=108.885887
Y23=-100
Z23=173.271698
X24=126.372429
Y24=-100
Z24=169.827530
X25=127.701698
Y25=-100
Z25=156.366241
X26=143.913147
Y26=-100
Z26=141.693573
X27=156.955811
Y27=-100
Z27=130.278534
X28=183.003464
Y28=-100
Z28=130.809341
X29=193.426086
Y29=-100
Z29=141.496368
X30=186.369797
Y30=-100
Z30=158.131546
X31=171.678879
Y31=-100
Z31=167.987518
X32=158.681656
Y32=-100
Z32=175.386063
X33=130.410492
Y33=-100
Z33=171.822144
X34=130.168991
Y34=-100
Z34=156.444443
X35=117.986656
Y35=-100
Z35=148.121140
X36=108.238625
Y36=-100
Z36=141.338150
X37=101.997292
Y37=-100
Z37=128.938019
