[teleport_info]
teleport_count=1
[teleport0]
guid=0
lua_index=490101
teleport_l=17.000000
teleport_t=15.000000
teleport_r=30.000000
teleport_b=22.000000
