[INFO]
XUNLUOPATHCOUNT=1
[XUNLUO0]
XUNLUOPOINTCOUNT=5
X0=27.392590
Y0=-100
Z0=58.771690
X1=35.855133
Y1=-100
Z1=90.346367
X2=55.851433
Y2=-100
Z2=95.260994
X3=83.677277
Y3=-100
Z3=94.905075
X4=91.779778
Y4=-100
Z4=42.298771
