[teleport_info]
teleport_count=3
[teleport0]
guid=0
lua_index=300548
teleport_l=182.000000
teleport_t=237.000000
teleport_r=193.000000
teleport_b=243.000000
[teleport1]
guid=1
lua_index=-1
teleport_l=107.000000
teleport_t=248.000000
teleport_r=131.000000
teleport_b=256.000000
[teleport2]
guid=2
lua_index=300549
teleport_l=17.0000
teleport_t=70.0000
teleport_r=24.0000
teleport_b=77.0000
