[teleport_info]
teleport_count=2
[teleport0]
guid=0
lua_index=700028
teleport_l=141.000000
teleport_t=30.000000
teleport_r=150.000000
teleport_b=41.000000
[teleport1]
guid=1
lua_index=700028
teleport_l=139.000000
teleport_t=176.000000
teleport_r=147.000000
teleport_b=188.000000
