[INFO]
XUNLUOPATHCOUNT=1
[XUNLUO0]
XUNLUOPOINTCOUNT=10
X0=102.653412
Y0=-100
Z0=55.195904
X1=80.629944
Y1=-100
Z1=36.716995
X2=73.061813
Y2=-100
Z2=28.999121
X3=47.051373
Y3=-100
Z3=32.077473
X4=33.445938
Y4=-100
Z4=47.047890
X5=28.811050
Y5=-100
Z5=65.489189
X6=38.193119
Y6=-100
Z6=86.919830
X7=46.955154
Y7=-100
Z7=97.705086
X8=70.087639
Y8=-100
Z8=101.426910
X9=75.823067
Y9=-100
Z9=97.590118
