[teleport_info]
teleport_count=2
[teleport0]
guid=0
lua_index=300464
teleport_l=64.000000
teleport_t=55.000000
teleport_r=72.000000
teleport_b=67.000000
[teleport1]
guid=1
lua_index=300397
teleport_l=50.000000
teleport_t=216.000000
teleport_r=60.000000
teleport_b=228.000000
