[teleport_info]
teleport_count=1
[teleport0]
guid=0
lua_index=490102
teleport_l=106.000000
teleport_t=106.000000
teleport_r=115.000000
teleport_b=110.000000
