[teleport_info]
teleport_count=4
[teleport0]
guid=0
lua_index=300208
teleport_l=0.000000
teleport_t=67.000000
teleport_r=11.000000
teleport_b=81.000000
[teleport1]
guid=1
lua_index=-1
teleport_l=165.000000
teleport_t=2.000000
teleport_r=173.000000
teleport_b=10.000000
[teleport2]
guid=2
lua_index=300522
teleport_l=94.000000
teleport_t=18.000000
teleport_r=104.000000
teleport_b=25.000000
[teleport3]
guid=3
lua_index=888891
teleport_l=96.000000
teleport_t=30.000000
teleport_r=104.000000
teleport_b=34.000000