[teleport_info]
teleport_count=2
[teleport0]
guid=0
lua_index=700109
teleport_l=37.000000
teleport_t=75.000000
teleport_r=59.000000
teleport_b=78.000000
[teleport1]
guid=1
lua_index=700109
teleport_l=117.000000
teleport_t=15.000000
teleport_r=122.000000
teleport_b=23.000000
