[teleport_info]
teleport_count=1
[teleport0]
guid=0
lua_index=490508
teleport_l=11.000000
teleport_t=70.000000
teleport_r=27.000000
teleport_b=79.000000
