[teleport_info]
teleport_count=2
[teleport0]
guid=0
lua_index=550501
teleport_l=123.000000
teleport_t=14.000000
teleport_r=133.000000
teleport_b=26.000000
[teleport1]
guid=1
lua_index=300475
teleport_l=132.0000
teleport_t=228.0000
teleport_r=145.0000
teleport_b=245.0000
