[INFO]
XUNLUOPATHCOUNT=3
[XUNLUO0]
XUNLUOPOINTCOUNT=16
X0=201.133331
Y0=-100.000000
Z0=86.536606
X1=190.079453
Y1=-100.000000
Z1=74.073898
X2=176.702713
Y2=-100.000000
Z2=63.381824
X3=158.067047
Y3=-100.000000
Z3=63.248226
X4=126.797791
Y4=-100.000000
Z4=64.546844
X5=126.684746
Y5=-100.000000
Z5=91.418846
X6=103.647446
Y6=-100.000000
Z6=116.978462
X7=79.998840
Y7=-100.000000
Z7=121.076286
X8=45.454540
Y8=-100.000000
Z8=120.715897
X9=42.693359
Y9=-100.000000
Z9=101.735451
X10=45.306835
Y10=-100.000000
Z10=76.309357
X11=54.962593
Y11=-100.000000
Z11=69.826019
X12=48.989590
Y12=-100.000000
Z12=53.036831
X13=65.196106
Y13=-100.000000
Z13=45.251339
X14=87.649033
Y14=-100.000000
Z14=50.727081
X15=126.907547
Y15=-100.000000
Z15=64.574936
[XUNLUO1]
XUNLUOPOINTCOUNT=3
X0=310.748840
Y0=-100.000000
Z0=196.689270
X1=350.948059
Y1=-100.000000
Z1=233.229385
X2=390.262299
Y2=-100.000000
Z2=279.368835
[XUNLUO2]
XUNLUOPOINTCOUNT=3
X0=386.923096
Y0=-100.000000
Z0=283.581726
X1=339.372070
Y1=-100.000000
Z1=244.682022
X2=305.614227
Y2=-100.000000
Z2=202.835587
