[teleport_info]
teleport_count=1
[teleport0]
guid=0
lua_index=490420
teleport_l=34.000000
teleport_t=17.000000
teleport_r=38.000000
teleport_b=19.000000
