[teleport_info]
teleport_count=2
[teleport0]
guid=0
lua_index=300404
teleport_l=183.000000
teleport_t=32.000000
teleport_r=192.000000
teleport_b=40.000000
[teleport1]
guid=1
lua_index=300594
teleport_l=219.000000
teleport_t=194.000000
teleport_r=228.000000
teleport_b=203.000000
