[teleport_info]
teleport_count=2
[teleport0]
guid=0
lua_index=300528
teleport_l=52.000000
teleport_t=50.000000
teleport_r=60.000000
teleport_b=60.000000
[teleport1]
guid=1
lua_index=300527
teleport_l=217.000000
teleport_t=191.000000
teleport_r=226.000000
teleport_b=200.000000
