[INFO]
XUNLUOPATHCOUNT=4
[XUNLUO0]
XUNLUOPOINTCOUNT=5
X0=157.084091
Y0=-100
Z0=52.919479
X1=185.885193
Y1=-100
Z1=53.216251
X2=186.682251
Y2=-100
Z2=64.978279
X3=158.430298
Y3=-100
Z3=65.110016
X4=157.408936
Y4=-100
Z4=53.400883
X5=90.227493
Y5=-100
Z5=82.777519
X6=98.638893
Y6=-100
Z6=82.723610
X7=98.738831
Y7=-100
Z7=51.633602
X8=58.203785
Y8=-100
Z8=51.515923
[XUNLUO1]
XUNLUOPOINTCOUNT=5
X0=172.596634
Y0=-100
Z0=105.703903
X1=193.901993
Y1=-100
Z1=105.958031
X2=194.423294
Y2=-100
Z2=117.565697
X3=169.615234
Y3=-100
Z3=115.922539
X4=172.671066
Y4=-100
Z4=105.579796
X5=102.938690
Y5=-100
Z5=79.424637
X6=134.034973
Y6=-100
Z6=79.584198
[XUNLUO2]
XUNLUOPOINTCOUNT=5
X0=168.487778
Y0=-100
Z0=147.337265
X1=171.238266
Y1=-100
Z1=162.535095
X2=192.408752
Y2=-100
Z2=162.479141
X3=193.129333
Y3=-100
Z3=147.874268
X4=171.910599
Y4=-100
Z4=146.978546
X5=190.098358
Y5=-100
Z5=126.407059
[XUNLUO3]
XUNLUOPOINTCOUNT=5
X0=106.311943
Y0=-100
Z0=181.996796
X1=125.120689
Y1=-100
Z1=181.330444
X2=126.219086
Y2=-100
Z2=194.042404
X3=106.689903
Y3=-100
Z3=193.879440
X4=106.486496
Y4=-100
Z4=182.935623
X5=182.947037
Y5=-100
Z5=130.162247
X6=182.483139
Y6=-100
Z6=166.036713
