[teleport_info]
teleport_count=2
[teleport0]
guid=0
lua_index=888891
teleport_l=202.000000
teleport_t=155.000000
teleport_r=215.000000
teleport_b=165.000000
[teleport1]
guid=1
lua_index=888891
teleport_l=180.000000
teleport_t=20.000000
teleport_r=210.000000
teleport_b=50.000000