[teleport_info]
teleport_count=2
[teleport0]
guid=0
lua_index=300593
teleport_l=31.000000
teleport_t=194.000000
teleport_r=41.000000
teleport_b=203.000000
[teleport1]
guid=1
lua_index=300529
teleport_l=191.000000
teleport_t=43.000000
teleport_r=201.000000
teleport_b=53.000000
