[teleport_info]
teleport_count=3
[teleport0]
guid=0
lua_index=300548
teleport_l=249.000000
teleport_t=117.000000
teleport_r=256.000000
teleport_b=141.000000
[teleport1]
guid=1
lua_index=300549
teleport_l=107.000000
teleport_t=248.000000
teleport_r=131.000000
teleport_b=256.000000
[teleport2]
guid=2
lua_index=300583
teleport_l=123.0000
teleport_t=1.0000
teleport_r=128.0000
teleport_b=4.0000
