[teleport_info]
teleport_count=3
[teleport0]
guid=0
lua_index=300523
teleport_l=51.000000
teleport_t=55.000000
teleport_r=61.000000
teleport_b=63.000000
[teleport1]
guid=1
lua_index=300524
teleport_l=215.000000
teleport_t=190.000000
teleport_r=224.000000
teleport_b=200.000000
[teleport2]
guid=2
lua_index=888891
teleport_l=63
teleport_t=95
teleport_r=68
teleport_b=105