[INFO]
XUNLUOPATHCOUNT=4
[XUNLUO0]
XUNLUOPOINTCOUNT=5
X0=169.139618
Y0=-100
Z0=178.214645
X1=189.790375
Y1=-100
Z1=177.139084
X2=190.935806
Y2=-100
Z2=165.719696
X3=168.105194
Y3=-100
Z3=167.007126
X4=169.089462
Y4=-100
Z4=178.214645
X5=152.351196
Y5=-100
Z5=186.268326
X6=152.065659
Y6=-100
Z6=196.217300
X7=201.269821
Y7=-100
Z7=198.325104
X8=204.108688
Y8=-100
Z8=150.345474
[XUNLUO1]
XUNLUOPOINTCOUNT=5
X0=177.778610
Y0=-100
Z0=95.665901
X1=188.271011
Y1=-100
Z1=95.182976
X2=188.510315
Y2=-100
Z2=72.595055
X3=177.965912
Y3=-100
Z3=73.139252
X4=177.291763
Y4=-100
Z4=95.598747
X5=195.892502
Y5=-100
Z5=54.695404
X6=198.109604
Y6=-100
Z6=111.276711
X7=160.567139
Y7=-100
Z7=112.118515
X8=161.418091
Y8=-100
Z8=60.036049
[XUNLUO2]
XUNLUOPOINTCOUNT=4
X0=133.136581
Y0=-100
Z0=74.246208
X1=123.948929
Y1=-100
Z1=84.946655
X2=132.668518
Y2=-100
Z2=94.357483
X3=124.475754
Y3=-100
Z3=105.241623
X4=134.690125
Y4=-100
Z4=129.929398
X5=120.368752
Y5=-100
Z5=146.938309
X6=57.822071
Y6=-100
Z6=95.600929
X7=92.207909
Y7=-100
Z7=96.330856
[XUNLUO3]
XUNLUOPOINTCOUNT=5
X0=91.002754
Y0=-100
Z0=142.541473
X1=90.464340
Y1=-100
Z1=118.298271
X2=71.506737
Y2=-100
Z2=118.556793
X3=73.694435
Y3=-100
Z3=142.377258
X4=90.815926
Y4=-100
Z4=142.501465
X5=171.547165
Y5=-100
Z5=85.787346
X6=181.666229
Y6=-100
Z6=109.063057
X7=171.547165
Y7=-100
Z7=85.787346
