[teleport_info]
teleport_count=2
[teleport0]
guid=0
lua_index=490507
teleport_l=6.000000
teleport_t=102.000000
teleport_r=19.000000
teleport_b=116.000000
[teleport1]
guid=1
lua_index=490506
teleport_l=109.000000
teleport_t=7.000000
teleport_r=117.000000
teleport_b=17.000000
