[teleport_info]
teleport_count=2
[teleport0]
guid=0
lua_index=490028
teleport_l=41.000000
teleport_t=12.000000
teleport_r=55.000000
teleport_b=22.000000
[teleport1]
guid=1
lua_index=490033
teleport_l=97.000000
teleport_t=7.000000
teleport_r=111.000000
teleport_b=25.000000

