[teleport_info]
teleport_count=2
[teleport0]
guid=0
lua_index=300584
teleport_l=237.000000
teleport_t=142.000000
teleport_r=245.000000
teleport_b=152.000000
[teleport1]
guid=1
lua_index=300585
teleport_l=7.000000
teleport_t=209.000000
teleport_r=17.000000
teleport_b=219.000000

