[teleport_info]
teleport_count=1
[teleport0]
guid=0
lua_index=490455
teleport_l=26.000000
teleport_t=18.000000
teleport_r=33.000000
teleport_b=24.000000