[INFO]
XUNLUOPATHCOUNT=1
[XUNLUO0]
XUNLUOPOINTCOUNT=10
X0=30.472569
Y0=-100
Z0=103.757195
X1=30.139267
Y1=-100
Z1=90.810066
X2=43.353260
Y2=-100
Z2=68.617470
X3=68.235832
Y3=-100
Z3=75.061737
X4=71.196793
Y4=-100
Z4=104.054123
X5=77.639015
Y5=-100
Z5=137.295731
X6=59.075459
Y6=-100
Z6=139.096664
X7=51.649120
Y7=-100
Z7=131.050140
X8=33.281952
Y8=-100
Z8=110.513847
X9=30.648232
Y9=-100
Z9=103.814491
