[INFO]
XUNLUOPATHCOUNT=4
[XUNLUO0]
XUNLUOPOINTCOUNT=4
X0=81.048248
Y0=-100
Z0=182.789688
X1=61.234325
Y1=-100
Z1=195.040985
X2=104.816833
Y2=-100
Z2=198.185349
X3=80.844284
Y3=-100
Z3=182.325516
X4=104.816833
Y4=-100
Z4=198.185349
X5=105.249298
Y5=-100
Z5=181.887695
X6=63.642277
Y6=-100
Z6=181.323196
[XUNLUO1]
XUNLUOPOINTCOUNT=4
X0=110.910873
Y0=-100
Z0=131.867691
X1=144.382446
Y1=-100
Z1=147.907303
X2=146.366745
Y2=-100
Z2=103.780296
X3=111.061043
Y3=-100
Z3=126.748535
X4=108.969414
Y4=-100
Z4=90.150116
X5=108.100761
Y5=-100
Z5=164.238190
X6=108.100761
Y6=-100
Z6=164.238190
[XUNLUO2]
XUNLUOPOINTCOUNT=5
X0=151.213898
Y0=-100
Z0=52.045658
X1=184.119232
Y1=-100
Z1=52.498180
X2=184.623672
Y2=-100
Z2=66.309898
X3=150.484634
Y3=-100
Z3=66.829979
X4=150.855438
Y4=-100
Z4=51.973400
[XUNLUO3]
XUNLUOPOINTCOUNT=5
X0=198.448563
Y0=-100
Z0=144.404816
X1=170.735245
Y1=-100
Z1=143.318893
X2=169.637619
Y2=-100
Z2=119.717140
X3=198.815704
Y3=-100
Z3=116.272919
X4=198.454941
Y4=-100
Z4=144.295593
X5=168.600723
Y5=-100
Z5=94.778259
X6=171.633240
Y6=-100
Z6=94.203224
X7=172.332428
Y7=-100
Z7=73.476425
X8=146.818878
Y8=-100
Z8=72.734558
