[teleport_info]
teleport_count=3
[teleport0]
guid=0
lua_index=300434
teleport_l=243.000000
teleport_t=167.000000
teleport_r=256.000000
teleport_b=180.000000
[teleport1]
guid=1
lua_index=300522
teleport_l=20.000000
teleport_t=104.000000
teleport_r=28.000000
teleport_b=115.000000
[teleport2]
guid=2
lua_index=888891
teleport_l=32.000000
teleport_t=110.000000
teleport_r=40.000000
teleport_b=115.000000