[teleport_info]
teleport_count=3
[teleport0]
guid=0
lua_index=300537
teleport_l=140.000000
teleport_t=28.000000
teleport_r=150.000000
teleport_b=38.000000
[teleport1]
guid=1
lua_index=300538
teleport_l=119.000000
teleport_t=225.000000
teleport_r=131.000000
teleport_b=234.000000
[teleport2]
guid=2
lua_index=888891
teleport_l=55.000000
teleport_t=189.000000
teleport_r=60.000000
teleport_b=195.000000
