[INFO]
XUNLUOPATHCOUNT=4
[XUNLUO0]
XUNLUOPOINTCOUNT=5
X0=93.749680
Y0=-100
Z0=152.396484
X1=96.884903
Y1=-100
Z1=173.942200
X2=119.235886
Y2=-100
Z2=172.862778
X3=118.978004
Y3=-100
Z3=151.455750
X4=96.372818
Y4=-100
Z4=151.630493
X5=98.040840
Y5=-100
Z5=182.892624
[XUNLUO1]
XUNLUOPOINTCOUNT=5
X0=163.755798
Y0=-100
Z0=159.165726
X1=163.878693
Y1=-100
Z1=173.989868
X2=193.042587
Y2=-100
Z2=170.398849
X3=194.799713
Y3=-100
Z3=155.088196
X4=164.646179
Y4=-100
Z4=158.344925
X5=111.200310
Y5=-100
Z5=55.250301
X6=111.273193
Y6=-100
Z6=93.980164
[XUNLUO2]
XUNLUOPOINTCOUNT=4
X0=87.567116
Y0=-100
Z0=74.106194
X1=73.401604
Y1=-100
Z1=91.109108
X2=105.686371
Y2=-100
Z2=91.174751
X3=88.183731
Y3=-100
Z3=73.969025
X4=105.686371
Y4=-100
Z4=91.174751
X5=102.817650
Y5=-100
Z5=57.631226
X6=59.988781
Y6=-100
Z6=56.832783
X7=161.960815
Y7=-100
Z7=52.086124
[XUNLUO3]
XUNLUOPOINTCOUNT=5
X0=127.237595
Y0=-100
Z0=56.207958
X1=155.404984
Y1=-100
Z1=55.933338
X2=155.005829
Y2=-100
Z2=70.362167
X3=128.154312
Y3=-100
Z3=69.250725
X4=126.639221
Y4=-100
Z4=58.492287
X5=157.704071
Y5=-100
Z5=164.637390
X6=169.675766
Y6=-100
Z6=187.774002
X7=189.866913
Y7=-100
Z7=157.438004
X8=162.981842
Y8=-100
Z8=168.383804
