[teleport_info]
teleport_count=1
[teleport0]
guid=0
lua_index=490206
teleport_l=24.000000
teleport_t=120.000000
teleport_r=37.000000
teleport_b=134.000000
