[pkarea_info]
pkarea_count=2

[pkarea0]
type=0
guid=1
pkarea_l=229.000000
pkarea_t=254.000000
pkarea_r=299.000000
pkarea_b=393.000000

[pkarea1]
type=0
guid=2
pkarea_l=164.000000
pkarea_t=330.000000
pkarea_r=229.000000
pkarea_b=393.000000