[teleport_info]
teleport_count=1
[teleport0]
guid=3
lua_index=490610
teleport_l=33.000000
teleport_t=375.000000
teleport_r=39.000000
teleport_b=381.000000