[INFO]
XUNLUOPATHCOUNT=4
[XUNLUO0]
XUNLUOPOINTCOUNT=5
X0=164.773560
Y0=-100
Z0=177.332108
X1=201.099976
Y1=-100
Z1=178.698120
X2=201.478699
Y2=-100
Z2=155.441513
X3=161.568634
Y3=-100
Z3=154.624023
X4=164.531647
Y4=-100
Z4=177.499298
X5=152.351196
Y5=-100
Z5=186.268326
X6=152.065659
Y6=-100
Z6=196.217300
X7=201.269821
Y7=-100
Z7=198.325104
X8=204.108688
Y8=-100
Z8=150.345474
[XUNLUO1]
XUNLUOPOINTCOUNT=5
X0=165.404861
Y0=-100
Z0=110.965508
X1=198.143082
Y1=-100
Z1=112.023224
X2=197.779572
Y2=-100
Z2=86.132675
X3=165.238342
Y3=-100
Z3=86.239601
X4=165.238754
Y4=-100
Z4=110.883583
X5=195.892502
Y5=-100
Z5=54.695404
X6=198.109604
Y6=-100
Z6=111.276711
X7=160.567139
Y7=-100
Z7=112.118515
X8=161.418091
Y8=-100
Z8=60.036049
[XUNLUO2]
XUNLUOPOINTCOUNT=5
X0=120.642517
Y0=-100
Z0=94.020424
X1=133.023743
Y1=-100
Z1=103.226776
X2=119.948517
Y2=-100
Z2=114.778206
X3=133.425491
Y3=-100
Z3=115.479172
X4=120.227188
Y4=-100
Z4=136.527863
X5=120.368752
Y5=-100
Z5=146.938309
X6=57.822071
Y6=-100
Z6=95.600929
X7=92.207909
Y7=-100
Z7=96.330856
[XUNLUO3]
XUNLUOPOINTCOUNT=5
X0=92.052124
Y0=-100
Z0=149.184937
X1=91.067436
Y1=-100
Z1=119.410446
X2=64.054352
Y2=-100
Z2=118.712120
X3=67.710281
Y3=-100
Z3=147.895813
X4=91.854485
Y4=-100
Z4=148.897156
X5=171.547165
Y5=-100
Z5=85.787346
X6=181.666229
Y6=-100
Z6=109.063057
X7=171.547165
Y7=-100
Z7=85.787346
