[INFO]
XUNLUOPATHCOUNT=3
[XUNLUO0]
XUNLUOPOINTCOUNT=5
X0=114.4346
Y0=-100
Z0=113.8661
X1=106.4805
Y1=-100
Z1=121.5979
X2=112.6584
Y2=-100
Z2=127.6441
X3=120.6328
Y3=-100
Z3=119.5940
X4=114.8452
Y4=-100
Z4=114.1049
[XUNLUO1]
XUNLUOPOINTCOUNT=5
X0=125.6493
Y0=-100
Z0=128.6024
X1=120.8145
Y1=-100
Z1=134.6758
X2=116.0827
Y2=-100
Z2=130.4803
X3=123.1180
Y3=-100
Z3=122.8784
X4=126.0007
Y4=-100
Z4=128.2053
[XUNLUO2]
XUNLUOPOINTCOUNT=22
X0=74.348801
Y0=-100
Z0=125.054840
X1=81.040733
Y1=-100
Z1=111.082970
X2=110.109291
Y2=-100
Z2=104.203743
X3=128.769211
Y3=-100
Z3=112.763374
X4=138.361557
Y4=-100
Z4=126.952377
X5=157.441467
Y5=-100
Z5=123.418907
X6=158.140411
Y6=-100
Z6=95.506622
X7=145.345444
Y7=-100
Z7=63.005280
X8=177.036758
Y8=-100
Z8=67.639145
X9=201.063278
Y9=-100
Z9=76.588936
X10=213.344116
Y10=-100
Z10=99.927284
X11=214.745529
Y11=-100
Z11=127.026627
X12=202.245193
Y12=-100
Z12=148.310516
X13=187.525345
Y13=-100
Z13=165.264908
X14=163.359406
Y14=-100
Z14=172.142731
X15=158.796158
Y15=-100
Z15=147.490433
X16=156.839249
Y16=-100
Z16=124.833168
X17=133.526123
Y17=-100
Z17=127.287849
X18=116.930199
Y18=-100
Z18=151.054382
X19=98.075241
Y19=-100
Z19=149.318573
X20=80.768593
Y20=-100
Z20=145.013351
X21=74.542686
Y21=-100
Z21=124.920074
