[INFO]
XUNLUOPATHCOUNT=4
[XUNLUO0]
XUNLUOPOINTCOUNT=5
X0=176.993317
Y0=-100
Z0=81.582657
X1=162.125107
Y1=-100
Z1=73.281059
X2=153.402039
Y2=-100
Z2=79.369278
X3=145.004791
Y3=-100
Z3=73.049393
X4=140.815018
Y4=-100
Z4=81.389946
X5=90.227493
Y5=-100
Z5=82.777519
X6=98.638893
Y6=-100
Z6=82.723610
X7=98.738831
Y7=-100
Z7=51.633602
X8=58.203785
Y8=-100
Z8=51.515923
[XUNLUO1]
XUNLUOPOINTCOUNT=5
X0=99.961754
Y0=-100
Z0=61.720978
X1=86.748787
Y1=-100
Z1=61.195835
X2=84.670715
Y2=-100
Z2=83.104866
X3=101.670692
Y3=-100
Z3=83.707863
X4=100.165321
Y4=-100
Z4=61.866955
X5=102.938690
Y5=-100
Z5=79.424637
X6=134.034973
Y6=-100
Z6=79.584198
[XUNLUO2]
XUNLUOPOINTCOUNT=5
X0=111.726196
Y0=-100
Z0=173.729034
X1=81.889526
Y1=-100
Z1=173.307220
X2=82.014626
Y2=-100
Z2=185.659012
X3=112.740929
Y3=-100
Z3=186.556488
X4=111.800629
Y4=-100
Z4=173.678192
X5=82.014626
Y5=-100
Z5=185.659012
X6=112.740929
Y6=-100
Z6=186.556488
X7=131.903076
Y7=-100
Z7=186.405945
[XUNLUO3]
XUNLUOPOINTCOUNT=5
X0=174.318832
Y0=-100
Z0=119.885941
X1=202.004654
Y1=-100
Z1=122.041664
X2=202.238419
Y2=-100
Z2=135.090942
X3=175.433151
Y3=-100
Z3=131.860031
X4=174.928635
Y4=-100
Z4=121.443367
X5=182.947037
Y5=-100
Z5=130.162247
X6=182.483139
Y6=-100
Z6=166.036713
