[INFO]
XUNLUOPATHCOUNT=4
[XUNLUO0]
XUNLUOPOINTCOUNT=5
X0=138.227631
Y0=-100
Z0=171.320724
X1=118.605095
Y1=-100
Z1=170.353195
X2=117.201416
Y2=-100
Z2=157.610962
X3=139.366119
Y3=-100
Z3=156.238419
X4=139.217957
Y4=-100
Z4=171.154678
X5=145.959763
Y5=-100
Z5=173.105865
X6=146.097610
Y6=-100
Z6=168.985474
X7=72.411896
Y7=-100
Z7=174.422073
X8=78.481583
Y8=-100
Z8=174.016647
X9=79.230324
Y9=-100
Z9=152.826752
X10=50.337578
Y10=-100
Z10=152.524399
X11=50.353432
Y11=-100
Z11=174.838867
[XUNLUO1]
XUNLUOPOINTCOUNT=5
X0=67.953613
Y0=-100
Z0=193.405411
X1=68.848068
Y1=-100
Z1=210.484512
X2=58.279572
Y2=-100
Z2=209.957520
X3=58.417496
Y3=-100
Z3=192.319107
X4=67.220459
Y4=-100
Z4=193.241837
X5=60.021751
Y5=-100
Z5=174.121506
X6=54.098873
Y6=-100
Z6=167.430527
X7=53.792702
Y7=-100
Z7=157.999527
X8=78.922028
Y8=-100
Z8=155.671692
[XUNLUO2]
XUNLUOPOINTCOUNT=5
X0=79.311058
Y0=-100
Z0=61.200386
X1=78.574585
Y1=-100
Z1=76.848633
X2=55.295341
Y2=-100
Z2=75.618126
X3=54.371994
Y3=-100
Z3=60.398006
X4=78.349449
Y4=-100
Z4=60.155800
X5=119.709572
Y5=-100
Z5=86.254822
X6=105.867386
Y6=-100
Z6=76.565712
X7=121.076942
Y7=-100
Z7=72.766701
X8=114.787819
Y8=-100
Z8=60.133022
X9=145.643936
Y9=-100
Z9=81.608528
[XUNLUO3]
XUNLUOPOINTCOUNT=5
X0=129.650116
Y0=-100
Z0=64.848991
X1=129.208908
Y1=-100
Z1=82.054985
X2=103.503342
Y2=-100
Z2=80.736038
X3=102.540237
Y3=-100
Z3=63.602295
X4=129.420807
Y4=-100
Z4=62.414051
X5=180.836212
Y5=-100
Z5=121.878250
X6=157.547455
Y6=-100
Z6=121.595016
X7=176.531754
Y7=-100
Z7=146.200531
X8=197.544159
Y8=-100
Z8=121.805939
X9=200.539688
Y9=-100
Z9=106.382851
X10=200.206329
Y10=-100
Z10=84.837791
