[INFO]
XUNLUOPATHCOUNT=6
[XUNLUO0]
XUNLUOPOINTCOUNT=4
X0=111.647598
Y0=-100
Z0=163.631500
X1=115.155609
Y1=-100
Z1=175.222107
X2=127.996002
Y2=-100
Z2=200.850388
X3=132.611801
Y3=-100
Z3=209.287994
[XUNLUO1]
XUNLUOPOINTCOUNT=5
X0=102.111511
Y0=-100
Z0=109.933701
X1=98.768494
Y1=-100
Z1=98.139389
X2=101.483490
Y2=-100
Z2=89.419403
X3=102.072906
Y3=-100
Z3=79.749298
X4=102.241501
Y4=-100
Z4=70.624001
[XUNLUO2]
XUNLUOPOINTCOUNT=5
X0=113.741608
Y0=-100
Z0=29.077999
X1=108.827209
Y1=-100
Z1=41.601501
X2=103.328400
Y2=-100
Z2=49.327400
X3=104.018402
Y3=-100
Z3=58.435699
X4=102.393799
Y4=-100
Z4=65.292297
[XUNLUO3]
XUNLUOPOINTCOUNT=2
X0=161.025299
Y0=-100
Z0=143.650696
X1=160.571793
Y1=-100
Z1=116.356705
[XUNLUO4]
XUNLUOPOINTCOUNT=2
X0=45.831299
Y0=-100
Z0=146.014725
X1=66.278046
Y1=-100
Z1=148.756271
[XUNLUO5]
XUNLUOPOINTCOUNT=12
X0=45.831299
Y0=-100
Z0=146.014725
X1=66.278046
Y1=-100
Z1=148.756271
X2=65.087639
Y2=-100
Z2=212.136017
X3=115.138382
Y3=-100
Z3=221.968903
X4=164.269333
Y4=-100
Z4=224.172150
X5=205.563675
Y5=-100
Z5=212.902573
X6=228.157257
Y6=-100
Z6=166.932831
X7=180.677307
Y7=-100
Z7=139.142883
X8=135.191483
Y8=-100
Z8=142.987869
X9=122.264908
Y9=-100
Z9=99.824097
X10=53.574005
Y10=-100
Z10=102.256790
X11=51.203659
Y11=-100
Z11=125.488617
