[INFO]
XUNLUOPATHCOUNT=4
[XUNLUO0]
XUNLUOPOINTCOUNT=5
X0=173.088959
Y0=-100
Z0=79.477615
X1=161.796082
Y1=-100
Z1=84.799973
X2=148.323608
Y2=-100
Z2=77.581871
X3=138.589218
Y3=-100
Z3=83.329712
X4=132.335495
Y4=-100
Z4=77.097504
X5=90.227493
Y5=-100
Z5=82.777519
X6=98.638893
Y6=-100
Z6=82.723610
X7=98.738831
Y7=-100
Z7=51.633602
X8=58.203785
Y8=-100
Z8=51.515923
[XUNLUO1]
XUNLUOPOINTCOUNT=5
X0=98.062187
Y0=-100
Z0=65.698944
X1=75.813911
Y1=-100
Z1=64.960144
X2=76.366936
Y2=-100
Z2=78.171272
X3=98.160965
Y3=-100
Z3=78.367943
X4=98.208138
Y4=-100
Z4=65.613869
X5=102.938690
Y5=-100
Z5=79.424637
X6=134.034973
Y6=-100
Z6=79.584198
[XUNLUO2]
XUNLUOPOINTCOUNT=8
X0=88.846169
Y0=-100
Z0=171.255875
X1=90.314331
Y1=-100
Z1=185.127472
X2=118.121597
Y2=-100
Z2=185.428223
X3=117.817085
Y3=-100
Z3=170.762436
X4=89.289001
Y4=-100
Z4=170.828079
X5=90.658615
Y5=-100
Z5=184.821518
X6=117.820709
Y6=-100
Z6=185.153778
X7=117.467743
Y7=-100
Z7=171.632858
[XUNLUO3]
XUNLUOPOINTCOUNT=5
X0=150.974854
Y0=-100
Z0=120.972885
X1=180.113342
Y1=-100
Z1=120.806358
X2=179.610703
Y2=-100
Z2=132.241913
X3=150.722946
Y3=-100
Z3=133.195023
X4=150.697586
Y4=-100
Z4=121.268738
X5=182.947037
Y5=-100
Z5=130.162247
X6=182.483139
Y6=-100
Z6=166.036713
