[INFO]
XUNLUOPATHCOUNT=4
[XUNLUO0]
XUNLUOPOINTCOUNT=5
X0=131.592941
Y0=-100
Z0=49.572830
X1=163.766510
Y1=-100
Z1=49.577370
X2=165.865494
Y2=-100
Z2=64.889030
X3=133.264130
Y3=-100
Z3=64.611588
X4=131.931046
Y4=-100
Z4=50.410667
X5=192.676422
Y5=-100
Z5=185.894058
X6=163.526917
Y6=-100
Z6=150.299774
X7=188.901093
Y7=-100
Z7=149.399048
X8=184.323746
Y8=-100
Z8=182.286774
[XUNLUO1]
XUNLUOPOINTCOUNT=4
X0=180.845871
Y0=-100
Z0=94.346909
X1=166.545731
Y1=-100
Z1=115.729370
X2=196.642273
Y2=-100
Z2=116.794090
X3=182.087234
Y3=-100
Z3=93.920189
X4=119.398407
Y4=-100
Z4=107.081100
X5=178.364029
Y5=-100
Z5=107.739265
X6=180.000626
Y6=-100
Z6=94.315575
X7=67.029816
Y7=-100
Z7=138.868942
X8=58.528534
Y8=-100
Z8=140.750000
X9=58.040585
Y9=-100
Z9=161.122086
[XUNLUO2]
XUNLUOPOINTCOUNT=5
X0=171.708191
Y0=-100
Z0=149.886032
X1=191.077713
Y1=-100
Z1=149.920593
X2=190.931610
Y2=-100
Z2=169.275635
X3=172.848831
Y3=-100
Z3=167.156479
X4=169.577454
Y4=-100
Z4=150.435760
X5=178.086563
Y5=-100
Z5=91.673676
X6=178.350876
Y6=-100
Z6=68.894409
X7=177.674362
Y7=-100
Z7=53.396297
X8=198.847794
Y8=-100
Z8=69.791496
X9=198.810837
Y9=-100
Z9=53.771053
X10=180.458710
Y10=-100
Z10=67.672211
[XUNLUO3]
XUNLUOPOINTCOUNT=5
X0=103.493484
Y0=-100
Z0=181.433899
X1=123.529053
Y1=-100
Z1=181.420502
X2=125.047478
Y2=-100
Z2=193.434570
X3=103.512054
Y3=-100
Z3=193.865204
X4=103.409943
Y4=-100
Z4=182.586990
X5=76.974655
Y5=-100
Z5=66.236496
X6=77.183060
Y6=-100
Z6=75.761520
X7=98.395340
Y7=-100
Z7=76.311905
X8=98.610451
Y8=-100
Z8=83.754593
X9=78.261276
Y9=-100
Z9=83.938515
