[INFO]
XUNLUOPATHCOUNT=4
[XUNLUO0]
XUNLUOPOINTCOUNT=5
X0=67.841797
Y0=-100
Z0=103.543877
X1=67.548691
Y1=-100
Z1=125.734123
X2=47.387421
Y2=-100
Z2=125.399193
X3=47.130020
Y3=-100
Z3=102.493546
X4=65.955803
Y4=-100
Z4=103.342529
X5=48.796818
Y5=-100
Z5=147.620193
X6=63.642277
Y6=-100
Z6=181.323196
[XUNLUO1]
XUNLUOPOINTCOUNT=5
X0=109.206421
Y0=-100
Z0=188.592346
X1=127.680428
Y1=-100
Z1=189.980728
X2=128.129700
Y2=-100
Z2=210.279541
X3=109.583321
Y3=-100
Z3=211.200150
X4=108.913406
Y4=-100
Z4=189.937698
X5=146.837036
Y5=-100
Z5=208.833344
X6=108.100761
Y6=-100
Z6=164.238190
[XUNLUO2]
XUNLUOPOINTCOUNT=5
X0=134.973816
Y0=-100
Z0=143.079483
X1=135.040909
Y1=-100
Z1=117.130913
X2=118.756584
Y2=-100
Z2=116.086723
X3=118.636780
Y3=-100
Z3=143.204910
X4=132.809677
Y4=-100
Z4=143.453293
X5=135.040909
Y5=-100
Z5=117.130913
X6=118.756584
Y6=-100
Z6=116.086723
X7=118.636780
Y7=-100
Z7=143.204910
X8=118.470497
Y8=-100
Z8=154.544922
X9=106.886665
Y9=-100
Z9=155.313156
[XUNLUO3]
XUNLUOPOINTCOUNT=4
X0=179.310089
Y0=-100
Z0=113.272072
X1=177.558533
Y1=-100
Z1=83.676476
X2=192.487808
Y2=-100
Z2=84.175316
X3=193.595108
Y3=-100
Z3=113.600357
X4=191.403168
Y4=-100
Z4=157.917526
X5=192.301117
Y5=-100
Z5=73.464020
X6=138.263092
Y6=-100
Z6=138.833954
X7=117.557083
Y7=-100
Z7=116.534271
X8=146.818878
Y8=-100
Z8=72.734558
