[teleport_info]
teleport_count=4
[teleport0]
guid=0
lua_index=300207
teleport_l=248.000000
teleport_t=68.000000
teleport_r=256.000000
teleport_b=82.000000
[teleport1]
guid=1
lua_index=-1
teleport_l=71.000000
teleport_t=11.000000
teleport_r=79.000000
teleport_b=19.000000
[teleport2]
guid=2
lua_index=300522
teleport_l=117.000000
teleport_t=21.000000
teleport_r=128.000000
teleport_b=29.000000
[teleport3]
guid=3
lua_index=888891
teleport_l=120.000000
teleport_t=38.000000
teleport_r=125.000000
teleport_b=43.000000