[teleport_info]
teleport_count=2
[teleport0]
guid=0
lua_index=300590
teleport_l=20.000000
teleport_t=105.000000
teleport_r=29.000000
teleport_b=115.000000
[teleport1]
guid=1
lua_index=270166
teleport_l=184.000000
teleport_t=79.000000
teleport_r=189.000000
teleport_b=86.000000

