[pkarea_info]
pkarea_count=2

[pkarea0]
type=0
guid=1
pkarea_l=16.000000
pkarea_t=122.000000
pkarea_r=24.000000
pkarea_b=132.000000


[pkarea1]
type=0
guid=1
pkarea_l=230.000000
pkarea_t=119.000000
pkarea_r=239.000000
pkarea_b=129.000000