[teleport_info]
teleport_count=2
[teleport0]
guid=1
lua_index=300615
teleport_l=16.000000
teleport_t=122.000000
teleport_r=24.000000
teleport_b=132.000000
[teleport1]
guid=2
lua_index=300615
teleport_l=230.000000
teleport_t=119.000000
teleport_r=239.000000
teleport_b=129.000000
