[INFO]
XUNLUOPATHCOUNT=4
[XUNLUO0]
XUNLUOPOINTCOUNT=5
X0=163.738647
Y0=-100
Z0=50.181873
X1=196.079941
Y1=-100
Z1=50.552368
X2=195.455750
Y2=-100
Z2=65.033363
X3=164.426315
Y3=-100
Z3=64.657318
X4=163.408493
Y4=-100
Z4=50.374687
X5=192.676422
Y5=-100
Z5=185.894058
X6=163.526917
Y6=-100
Z6=150.299774
X7=188.901093
Y7=-100
Z7=149.399048
X8=184.323746
Y8=-100
Z8=182.286774
[XUNLUO1]
XUNLUOPOINTCOUNT=4
X0=180.845871
Y0=-100
Z0=94.346909
X1=201.071274
Y1=-100
Z1=95.042953
X2=190.734634
Y2=-100
Z2=119.796082
X3=180.000626
Y3=-100
Z3=94.315575
X4=119.398407
Y4=-100
Z4=107.081100
X5=178.364029
Y5=-100
Z5=107.739265
X6=180.000626
Y6=-100
Z6=94.315575
X7=67.029816
Y7=-100
Z7=138.868942
X8=58.528534
Y8=-100
Z8=140.750000
X9=58.040585
Y9=-100
Z9=161.122086
[XUNLUO2]
XUNLUOPOINTCOUNT=4
X0=171.708191
Y0=-100
Z0=149.886032
X1=191.077713
Y1=-100
Z1=149.920593
X2=180.959076
Y2=-100
Z2=175.983261
X3=169.577454
Y3=-100
Z3=150.435760
X4=169.577454
Y4=-100
Z4=150.435760
X5=178.086563
Y5=-100
Z5=91.673676
X6=178.350876
Y6=-100
Z6=68.894409
X7=177.674362
Y7=-100
Z7=53.396297
X8=198.847794
Y8=-100
Z8=69.791496
X9=198.810837
Y9=-100
Z9=53.771053
X10=180.458710
Y10=-100
Z10=67.672211
[XUNLUO3]
XUNLUOPOINTCOUNT=5
X0=103.493484
Y0=-100
Z0=181.433899
X1=127.622765
Y1=-100
Z1=182.108627
X2=128.423553
Y2=-100
Z2=194.048386
X3=103.512054
Y3=-100
Z3=193.865204
X4=103.409943
Y4=-100
Z4=182.586990
X5=76.974655
Y5=-100
Z5=66.236496
X6=77.183060
Y6=-100
Z6=75.761520
X7=98.395340
Y7=-100
Z7=76.311905
X8=98.610451
Y8=-100
Z8=83.754593
X9=78.261276
Y9=-100
Z9=83.938515
