[teleport_info]
teleport_count=3
[teleport0]
guid=0
lua_index=300530
teleport_l=229.000000
teleport_t=207.000000
teleport_r=238.000000
teleport_b=215.000000
[teleport1]
guid=1
lua_index=300603
teleport_l=84.000000
teleport_t=232.000000
teleport_r=94.000000
teleport_b=240.000000
[teleport2]
guid=2
lua_index=888891
teleport_l=210.000000
teleport_t=115.000000
teleport_r=215.000000
teleport_b=121.000000