[pkarea_info]
pkarea_count=2

[pkarea0]
type=0
guid=1
pkarea_l=227.000000
pkarea_t=118.000000
pkarea_r=235.000000
pkarea_b=126.000000


[pkarea1]
type=0
guid=1
pkarea_l=17.000000
pkarea_t=122.000000
pkarea_r=25.000000
pkarea_b=131.000000