[teleport_info]
teleport_count=2
[teleport0]
guid=0
lua_index=700088
teleport_l=86.000000
teleport_t=16.000000
teleport_r=99.000000
teleport_b=27.000000
[teleport1]
guid=1
lua_index=700088
teleport_l=14.000000
teleport_t=16.000000
teleport_r=28.000000
teleport_b=23.000000
