[INFO]
XUNLUOPATHCOUNT=2
[XUNLUO0]
XUNLUOPOINTCOUNT=4
X0=22.130903
Y0=-100
Z0=78.765175
X1=108.905525
Y1=-100
Z1=82.060043
X2=109.436768
Y2=-100
Z2=110.085861
X3=54.420273
Y3=-100
Z3=107.945511
[XUNLUO1]
XUNLUOPOINTCOUNT=8
X0=108.412971
Y0=-100
Z0=47.290569
X1=72.245438
Y1=-100
Z1=48.373226
X2=43.184059
Y2=-100
Z2=41.284668
X3=33.160221
Y3=-100
Z3=32.233482
X4=41.077755
Y4=-100
Z4=22.315186
X5=63.568909
Y5=-100
Z5=18.926285
X6=81.193047
Y6=-100
Z6=17.619970
X7=98.498016
Y7=-100
Z7=18.045952
