[teleport_info]
teleport_count=1
[teleport0]
guid=0
lua_index=300554
teleport_l=59.000000
teleport_t=119.000000
teleport_r=69.000000
teleport_b=126.000000
