[INFO]
XUNLUOPATHCOUNT=4
[XUNLUO0]
XUNLUOPOINTCOUNT=5
X0=113.951569
Y0=-100
Z0=139.703964
X1=114.084991
Y1=-100
Z1=152.448212
X2=139.795853
Y2=-100
Z2=152.551239
X3=140.271744
Y3=-100
Z3=138.264435
X4=114.126320
Y4=-100
Z4=138.767624
X5=142.048157
Y5=-100
Z5=148.479599
X6=142.656677
Y6=-100
Z6=168.274826
X7=142.048157
Y7=-100
Z7=148.479599
X8=142.656677
Y8=-100
Z8=168.274826
[XUNLUO1]
XUNLUOPOINTCOUNT=5
X0=166.835968
Y0=-100
Z0=117.183044
X1=166.013321
Y1=-100
Z1=105.230927
X2=137.926483
Y2=-100
Z2=104.150894
X3=138.425293
Y3=-100
Z3=117.082092
X4=166.565033
Y4=-100
Z4=117.309364
X5=160.988983
Y5=-100
Z5=117.793236
X6=163.066605
Y6=-100
Z6=141.467255
X7=186.748474
Y7=-100
Z7=141.450668
[XUNLUO2]
XUNLUOPOINTCOUNT=4
X0=62.676182
Y0=-100
Z0=46.073742
X1=79.306442
Y1=-100
Z1=81.060211
X2=96.753380
Y2=-100
Z2=46.315556
X3=63.488110
Y3=-100
Z3=44.115410
X4=107.050926
Y4=-100
Z4=85.207512
X5=107.089516
Y5=-100
Z5=46.199337
X6=63.488110
Y6=-100
Z6=44.115410
X7=99.425545
Y7=-100
Z7=59.281578
X8=61.373760
Y8=-100
Z8=69.155251
X9=59.174423
Y9=-100
Z9=96.307655
[XUNLUO3]
XUNLUOPOINTCOUNT=4
X0=142.143036
Y0=-100
Z0=86.200203
X1=173.894196
Y1=-100
Z1=87.415527
X2=175.165100
Y2=-100
Z2=74.475731
X3=141.593933
Y3=-100
Z3=74.084045
X4=153.219788
Y4=-100
Z4=73.295906
X5=150.436859
Y5=-100
Z5=38.337215
X6=133.181320
Y6=-100
Z6=37.540295
[XUNLUO4]
XUNLUOPOINTCOUNT=0
