[teleport_info]
teleport_count=3
[teleport0]
guid=0
lua_index=888891
teleport_l=175.000000
teleport_t=20.000000
teleport_r=185.000000
teleport_b=30.000000
[teleport1]
guid=1
lua_index=888891
teleport_l=210.000000
teleport_t=96.000000
teleport_r=215.000000
teleport_b=105.000000
[teleport2]
guid=2
lua_index=888891
teleport_l=72.000000
teleport_t=160.000000
teleport_r=90.000000
teleport_b=175.000000