[INFO]
XUNLUOPATHCOUNT=6
[XUNLUO0]
XUNLUOPOINTCOUNT=2
X0=190.671326
Y0=-100
Z0=107.918594
X1=190.896500
Y1=-100
Z1=96.474442
[XUNLUO1]
XUNLUOPOINTCOUNT=2
X0=190.671326
Y0=-100
Z0=107.918594
X1=190.896500
Y1=-100
Z1=96.474442
[XUNLUO2]
XUNLUOPOINTCOUNT=2
X0=190.671326
Y0=-100
Z0=107.918594
X1=190.896500
Y1=-100
Z1=96.474442
[XUNLUO3]
XUNLUOPOINTCOUNT=2
X0=190.671326
Y0=-100
Z0=107.918594
X1=190.896500
Y1=-100
Z1=96.474442
[XUNLUO4]
XUNLUOPOINTCOUNT=2
X0=190.671326
Y0=-100
Z0=107.918594
X1=190.896500
Y1=-100
Z1=96.474442
[XUNLUO5]
XUNLUOPOINTCOUNT=18
X0=232.287964
Y0=-100
Z0=122.118774
X1=213.700974
Y1=-100
Z1=124.213150
X2=199.298080
Y2=-100
Z2=121.131149
X3=194.480774
Y3=-100
Z3=116.528687
X4=188.565201
Y4=-100
Z4=105.954788
X5=194.293747
Y5=-100
Z5=95.655968
X6=200.845932
Y6=-100
Z6=76.082634
X7=202.494186
Y7=-100
Z7=65.731781
X8=204.641205
Y8=-100
Z8=58.325417
X9=208.099808
Y9=-100
Z9=46.646820
X10=208.359634
Y10=-100
Z10=39.209396
X11=184.565765
Y11=-100
Z11=34.227089
X12=143.597122
Y12=-100
Z12=37.709206
X13=133.284378
Y13=-100
Z13=40.402473
X14=130.643402
Y14=-100
Z14=68.354187
X15=119.850098
Y15=-100
Z15=129.434341
X16=145.236176
Y16=-100
Z16=155.424500
X17=191.347183
Y17=-100
Z17=129.661041
