[pkarea_info]
pkarea_count=4

[pkarea0]
type=0
guid=1
camp=16
pkarea_l=260.000000
pkarea_t=415.000000
pkarea_r=290.000000
pkarea_b=446.000000
[pkarea1]
type=0
guid=1
camp=18
pkarea_l=22.000000
pkarea_t=265.000000
pkarea_r=54.000000
pkarea_b=291.000000
[pkarea2]
type=0
guid=1
camp=17
pkarea_l=161.000000
pkarea_t=23.000000
pkarea_r=195.000000
pkarea_b=54.000000
[pkarea3]
type=0
guid=1
camp=19
pkarea_l=401.000000
pkarea_t=10.000000
pkarea_r=434.000000
pkarea_b=40.000000
