[INFO]
XUNLUOPATHCOUNT=1
[XUNLUO0]
XUNLUOPOINTCOUNT=11
X0=127.002266
Y0=-100
Z0=125.684303
X1=205.886444
Y1=-100
Z1=125.680367
X2=205.416855
Y2=-100
Z2=204.479919
X3=50.074898
Y3=-100
Z3=203.862381
X4=51.141769
Y4=-100
Z4=51.246460
X5=209.840149
Y5=-100
Z5=50.357288
X6=206.051270
Y6=-100
Z6=128.141449
X7=53.402523
Y7=-100
Z7=127.990860
X8=48.072716
Y8=-100
Z8=49.018871
X9=129.027679
Y9=-100
Z9=51.782555
X10=127.800156
Y10=-100
Z10=204.978928
