[teleport_info]
teleport_count=1
[teleport0]
guid=0
lua_index=300398
teleport_l=201.000000
teleport_t=193.000000
teleport_r=210.000000
teleport_b=203.000000
