[INFO]
XUNLUOPATHCOUNT=4
[XUNLUO0]
XUNLUOPOINTCOUNT=5
X0=124.134575
Y0=-100
Z0=100.478638
X1=124.201157
Y1=-100
Z1=76.037331
X2=109.615517
Y2=-100
Z2=75.158211
X3=110.125191
Y3=-100
Z3=99.563438
X4=123.859993
Y4=-100
Z4=100.332405
X5=145.959763
Y5=-100
Z5=173.105865
X6=146.097610
Y6=-100
Z6=168.985474
X7=72.411896
Y7=-100
Z7=174.422073
X8=78.481583
Y8=-100
Z8=174.016647
X9=79.230324
Y9=-100
Z9=152.826752
X10=50.337578
Y10=-100
Z10=152.524399
X11=50.353432
Y11=-100
Z11=174.838867
[XUNLUO1]
XUNLUOPOINTCOUNT=5
X0=75.052841
Y0=-100
Z0=97.746574
X1=75.995789
Y1=-100
Z1=79.052902
X2=56.103813
Y2=-100
Z2=76.739494
X3=55.932838
Y3=-100
Z3=97.327766
X4=75.036919
Y4=-100
Z4=97.924774
X5=70.582138
Y5=-100
Z5=102.057770
X6=67.348465
Y6=-100
Z6=115.754364
X7=83.354027
Y7=-100
Z7=118.445763
X8=97.800194
Y8=-100
Z8=116.714905
[XUNLUO2]
XUNLUOPOINTCOUNT=5
X0=55.525467
Y0=-100
Z0=174.157318
X1=55.056870
Y1=-100
Z1=154.884521
X2=79.502327
Y2=-100
Z2=154.904358
X3=80.171310
Y3=-100
Z3=174.283920
X4=55.333286
Y4=-100
Z4=174.318817
X5=79.502327
Y5=-100
Z5=154.904358
X6=80.171310
Y6=-100
Z6=174.283920
X7=69.627586
Y7=-100
Z7=173.914001
X8=68.436478
Y8=-100
Z8=211.564133
X9=145.643936
Y9=-100
Z9=81.608528
[XUNLUO3]
XUNLUOPOINTCOUNT=5
X0=135.256302
Y0=-100
Z0=205.101105
X1=107.055298
Y1=-100
Z1=204.872131
X2=106.698494
Y2=-100
Z2=190.852432
X3=136.323547
Y3=-100
Z3=191.034561
X4=135.358734
Y4=-100
Z4=205.197174
X5=103.421524
Y5=-100
Z5=172.874451
X6=103.339027
Y6=-100
Z6=155.757538
X7=139.324524
Y7=-100
Z7=155.546936
X8=139.680252
Y8=-100
Z8=171.643875
X9=127.504181
Y9=-100
Z9=173.027069
X10=130.059021
Y10=-100
Z10=190.231476
X11=140.959106
Y11=-100
Z11=191.269669
X12=140.758499
Y12=-100
Z12=205.279709
