[INFO]
XUNLUOPATHCOUNT=4
[XUNLUO0]
XUNLUOPOINTCOUNT=5
X0=124.308464
Y0=-100
Z0=91.373024
X1=124.519226
Y1=-100
Z1=62.216881
X2=109.330299
Y2=-100
Z2=62.403980
X3=110.062141
Y3=-100
Z3=90.637955
X4=123.659302
Y4=-100
Z4=92.164925
X5=145.959763
Y5=-100
Z5=173.105865
X6=146.097610
Y6=-100
Z6=168.985474
X7=72.411896
Y7=-100
Z7=174.422073
X8=78.481583
Y8=-100
Z8=174.016647
X9=79.230324
Y9=-100
Z9=152.826752
X10=50.337578
Y10=-100
Z10=152.524399
X11=50.353432
Y11=-100
Z11=174.838867
[XUNLUO1]
XUNLUOPOINTCOUNT=5
X0=76.328850
Y0=-100
Z0=88.585152
X1=76.292206
Y1=-100
Z1=61.758305
X2=55.642529
Y2=-100
Z2=62.384663
X3=56.503017
Y3=-100
Z3=88.329109
X4=76.283440
Y4=-100
Z4=88.622353
X5=70.582138
Y5=-100
Z5=102.057770
X6=67.348465
Y6=-100
Z6=115.754364
X7=83.354027
Y7=-100
Z7=118.445763
X8=97.800194
Y8=-100
Z8=116.714905
[XUNLUO2]
XUNLUOPOINTCOUNT=6
X0=69.619476
Y0=-100
Z0=174.022385
X1=54.970787
Y1=-100
Z1=174.160507
X2=55.056870
Y2=-100
Z2=154.884521
X3=79.502327
Y3=-100
Z3=154.904358
X4=80.171310
Y4=-100
Z4=174.283920
X5=69.627586
Y5=-100
Z5=173.914001
X6=80.171310
Y6=-100
Z6=174.283920
X7=69.627586
Y7=-100
Z7=173.914001
X8=68.436478
Y8=-100
Z8=211.564133
X9=145.643936
Y9=-100
Z9=81.608528
[XUNLUO3]
XUNLUOPOINTCOUNT=5
X0=129.902756
Y0=-100
Z0=170.359329
X1=104.133514
Y1=-100
Z1=169.803802
X2=104.042191
Y2=-100
Z2=156.904083
X3=129.841843
Y3=-100
Z3=157.731003
X4=129.996780
Y4=-100
Z4=170.255905
X5=103.421524
Y5=-100
Z5=172.874451
X6=103.339027
Y6=-100
Z6=155.757538
X7=139.324524
Y7=-100
Z7=155.546936
X8=139.680252
Y8=-100
Z8=171.643875
X9=127.504181
Y9=-100
Z9=173.027069
X10=130.059021
Y10=-100
Z10=190.231476
X11=140.959106
Y11=-100
Z11=191.269669
X12=140.758499
Y12=-100
Z12=205.279709
