[teleport_info]
teleport_count=3
[teleport0]
guid=0
lua_index=300246
teleport_l=25.000000
teleport_t=5.000000
teleport_r=35.000000
teleport_b=9.000000
[teleport1]
guid=1
lua_index=300257
teleport_l=9.000000
teleport_t=50.000000
teleport_r=13.000000
teleport_b=54.000000
[teleport2]
guid=2
lua_index=300254
teleport_l=51.000000
teleport_t=50.000000
teleport_r=55.000000
teleport_b=54.000000
