[teleport_info]
teleport_count=1
[teleport0]
guid=0
lua_index=550707
teleport_l=33.000000
teleport_t=16.000000
teleport_r=39.000000
teleport_b=20.000000
