[teleport_info]
teleport_count=2
[teleport0]
guid=0
lua_index=490027
teleport_l=47.000000
teleport_t=8.000000
teleport_r=59.000000
teleport_b=16.000000
[teleport1]
guid=1
lua_index=490032
teleport_l=89.000000
teleport_t=7.000000
teleport_r=102.000000
teleport_b=18.000000

