[teleport_info]
teleport_count=3
[teleport0]
guid=0
lua_index=490022
teleport_l=120.000000
teleport_t=76.000000
teleport_r=123.000000
teleport_b=84.000000
[teleport1]
guid=1
lua_index=490023
teleport_l=59.000000
teleport_t=112.000000
teleport_r=71.000000
teleport_b=118.000000
[teleport2]
guid=2
lua_index=490025
teleport_l=104.000000
teleport_t=99.000000
teleport_r=120.000000
teleport_b=106.000000
