[teleport_info]
teleport_count=2
[teleport0]
guid=0
lua_index=490502
teleport_l=97.000000
teleport_t=9.000000
teleport_r=109.000000
teleport_b=22.000000
[teleport1]
guid=1
lua_index=490503
teleport_l=40.000000
teleport_t=67.000000
teleport_r=54.000000
teleport_b=80.000000
