[INFO]
XUNLUOPATHCOUNT=5
[XUNLUO0]
XUNLUOPOINTCOUNT=8
X0=52.741100
Y0=-100
Z0=43.808605
X1=51.630402
Y1=-100
Z1=61.514599
X2=67.648300
Y2=-100
Z2=73.772499
X3=63.997902
Y3=-100
Z3=102.639297
X4=40.160595
Y4=-100
Z4=113.176300
X5=43.959999
Y5=-100
Z5=150.602097
X6=33.992599
Y6=-100
Z6=165.681198
X7=39.300800
Y7=-100
Z7=211.238495
[XUNLUO1]
XUNLUOPOINTCOUNT=2
X0=35.886600
Y0=-100
Z0=116.891502
X1=51.868099
Y1=-100
Z1=110.285698
[XUNLUO2]
XUNLUOPOINTCOUNT=5
X0=51.418301
Y0=-100
Z0=104.584602
X1=33.715302
Y1=-100
Z1=110.900902
X2=31.767803
Y2=-100
Z2=103.449898
X3=49.604801
Y3=-100
Z3=97.948898
X4=51.373501
Y4=-100
Z4=104.577400
[XUNLUO3]
XUNLUOPOINTCOUNT=2
X0=53.084599
Y0=-100
Z0=48.227402
X1=45.347500
Y1=-100
Z1=85.712196
[XUNLUO4]
XUNLUOPOINTCOUNT=6
X0=70.178902
Y0=-100
Z0=86.611603
X1=77.051697
Y1=-100
Z1=83.128502
X2=76.127602
Y2=-100
Z2=76.654099
X3=59.212502
Y3=-100
Z3=84.639198
X4=64.736702
Y4=-100
Z4=88.810501
X5=70.161003
Y5=-100
Z5=86.589897
