[teleport_info]
teleport_count=1
[teleport0]
guid=0
lua_index=300398
teleport_l=57.000000
teleport_t=56.000000
teleport_r=66.000000
teleport_b=65.000000
