[teleport_info]
teleport_count=2
[teleport0]
guid=0
lua_index=300536
teleport_l=136.000000
teleport_t=41.000000
teleport_r=159.000000
teleport_b=55.000000
[teleport1]
guid=1
lua_index=300538
teleport_l=115.000000
teleport_t=227.000000
teleport_r=134.000000
teleport_b=242.000000
