[INFO]
XUNLUOPATHCOUNT=22
[XUNLUO0]
XUNLUOPOINTCOUNT=3
X0=112.000000
Y0=-100
Z0=15.000000
X1=83.000000
Y1=-100
Z1=14.000000
X2=54.000000
Y2=-100
Z2=14.000000
settletime2=999999000
[XUNLUO1]
XUNLUOPOINTCOUNT=4
X0=54.000000
Y0=-100
Z0=14.000000
X1=33.000000
Y1=-100
Z1=14.000000
X2=30.000000
Y2=-100
Z2=19.000000
X3=24.000000
Y3=-100
Z3=36.000000
settletime3=999999000
[XUNLUO2]
XUNLUOPOINTCOUNT=4
X0=24.000000
Y0=-100
Z0=36.000000
X1=24.000000
Y1=-100
Z1=48.000000
X2=68.000000
Y2=-100
Z2=48.000000
X3=68.000000
Y3=-100
Z3=64.000000
settletime3=999999000
[XUNLUO3]
XUNLUOPOINTCOUNT=4
X0=68.000000
Y0=-100
Z0=64.000000
X1=68.000000
Y1=-100
Z1=87.000000
X2=98.000000
Y2=-100
Z2=87.000000
X3=84.000000
Y3=-100
Z3=107.000000
settletime3=999999000
[XUNLUO4]
XUNLUOPOINTCOUNT=3
X0=84.000000
Y0=-100
Z0=107.000000
X1=77.000000
Y1=-100
Z1=108.000000
X2=25.000000
Y2=-100
Z2=110.000000
settletime2=999999000
[XUNLUO5]
XUNLUOPOINTCOUNT=18
X0=112.000000
Y0=-100
Z0=15.000000
X1=83.000000
Y1=-100
Z1=14.000000
X2=54.000000
Y2=-100
Z2=14.000000
X3=54.000000
Y3=-100
Z3=14.000000
X4=33.000000
Y4=-100
Z4=14.000000
X5=30.000000
Y5=-100
Z5=19.000000
X6=24.000000
Y6=-100
Z6=36.000000
X7=24.000000
Y7=-100
Z7=36.000000
X8=24.000000
Y8=-100
Z8=48.000000
X9=68.000000
Y9=-100
Z9=48.000000
X10=68.000000
Y10=-100
Z10=64.000000
X11=68.000000
Y11=-100
Z11=64.000000
X12=68.000000
Y12=-100
Z12=87.000000
X13=98.000000
Y13=-100
Z13=87.000000
X14=84.000000
Y14=-100
Z14=105.000000
X15=84.000000
Y15=-100
Z15=107.000000
X16=77.000000
Y16=-100
Z16=108.000000
X17=25.000000
Y17=-100
Z17=110.000000
settletime17=999999000
[XUNLUO6]
XUNLUOPOINTCOUNT=2
X0=74.000000
Y0=-100
Z0=15.000000
X1=54.000000
Y1=-100
Z1=14.000000
settletime1=999999000
[XUNLUO7]
XUNLUOPOINTCOUNT=2
X0=74.000000
Y0=-100
Z0=12.000000
X1=54.000000
Y1=-100
Z1=14.000000
settletime1=999999000
[XUNLUO8]
XUNLUOPOINTCOUNT=2
X0=74.000000
Y0=-100
Z0=9.000000
X1=54.000000
Y1=-100
Z1=14.000000
settletime1=999999000
[XUNLUO9]
XUNLUOPOINTCOUNT=2
X0=32.000000
Y0=-100
Z0=17.000000
X1=24.000000
Y1=-100
Z1=36.000000
settletime1=999999000
[XUNLUO10]
XUNLUOPOINTCOUNT=2
X0=34.000000
Y0=-100
Z0=18.000000
X1=24.000000
Y1=-100
Z1=36.000000
settletime1=999999000
[XUNLUO11]
XUNLUOPOINTCOUNT=2
X0=29.000000
Y0=-100
Z0=16.000000
X1=24.000000
Y1=-100
Z1=36.000000
settletime1=999999000
[XUNLUO12]
XUNLUOPOINTCOUNT=2
X0=67.000000
Y0=-100
Z0=39.000000
X1=68.000000
Y1=-100
Z1=64.000000
settletime1=999999000
[XUNLUO13]
XUNLUOPOINTCOUNT=2
X0=71.000000
Y0=-100
Z0=39.000000
X1=68.000000
Y1=-100
Z1=64.000000
settletime1=999999000
[XUNLUO14]
XUNLUOPOINTCOUNT=2
X0=64.000000
Y0=-100
Z0=39.000000
X1=68.000000
Y1=-100
Z1=64.000000
settletime1=999999000
[XUNLUO15]
XUNLUOPOINTCOUNT=2
X0=67.000000
Y0=-100
Z0=39.000000
X1=84.000000
Y1=-100
Z1=105.000000
settletime1=999999000
[XUNLUO16]
XUNLUOPOINTCOUNT=2
X0=71.000000
Y0=-100
Z0=39.000000
X1=84.000000
Y1=-100
Z1=105.000000
settletime1=999999000
[XUNLUO17]
XUNLUOPOINTCOUNT=2
X0=64.000000
Y0=-100
Z0=39.000000
X1=84.000000
Y1=-100
Z1=105.000000
settletime1=999999000
[XUNLUO18]
XUNLUOPOINTCOUNT=2
X0=54.000000
Y0=-100
Z0=112.000000
X1=25.000000
Y1=-100
Z1=110.000000
settletime1=999999000
[XUNLUO19]
XUNLUOPOINTCOUNT=2
X0=56.000000
Y0=-100
Z0=109.000000
X1=25.000000
Y1=-100
Z1=110.000000
settletime1=999999000
[XUNLUO20]
XUNLUOPOINTCOUNT=2
X0=52.000000
Y0=-100
Z0=109.000000
X1=25.000000
Y1=-100
Z1=110.000000
settletime1=999999000
[XUNLUO21]
XUNLUOPOINTCOUNT=2
X0=19.971373
Y0=-100
Z0=112.923454
X1=20.971373
Y1=-100
Z1=113.923454
settletime1=999999000
