[INFO]
XUNLUOPATHCOUNT=4
[XUNLUO0]
XUNLUOPOINTCOUNT=5
X0=173.176819
Y0=-100
Z0=179.556076
X1=200.754379
Y1=-100
Z1=179.861267
X2=200.458298
Y2=-100
Z2=161.513794
X3=172.407501
Y3=-100
Z3=162.390167
X4=172.722809
Y4=-100
Z4=178.101486
X5=152.351196
Y5=-100
Z5=186.268326
X6=152.065659
Y6=-100
Z6=196.217300
X7=201.269821
Y7=-100
Z7=198.325104
X8=204.108688
Y8=-100
Z8=150.345474
[XUNLUO1]
XUNLUOPOINTCOUNT=5
X0=164.361023
Y0=-100
Z0=88.740730
X1=198.563477
Y1=-100
Z1=91.366997
X2=198.215179
Y2=-100
Z2=58.783241
X3=163.255371
Y3=-100
Z3=61.038002
X4=163.337936
Y4=-100
Z4=88.324593
X5=195.892502
Y5=-100
Z5=54.695404
X6=198.109604
Y6=-100
Z6=111.276711
X7=160.567139
Y7=-100
Z7=112.118515
X8=161.418091
Y8=-100
Z8=60.036049
[XUNLUO2]
XUNLUOPOINTCOUNT=6
X0=132.894867
Y0=-100
Z0=73.908913
X1=120.755898
Y1=-100
Z1=86.758499
X2=132.668518
Y2=-100
Z2=94.357483
X3=121.299774
Y3=-100
Z3=107.760727
X4=135.171753
Y4=-100
Z4=120.144356
X5=119.210602
Y5=-100
Z5=133.776428
X6=57.822071
Y6=-100
Z6=95.600929
X7=92.207909
Y7=-100
Z7=96.330856
[XUNLUO3]
XUNLUOPOINTCOUNT=5
X0=90.728508
Y0=-100
Z0=126.609108
X1=92.655098
Y1=-100
Z1=100.599503
X2=60.086254
Y2=-100
Z2=100.334320
X3=61.791481
Y3=-100
Z3=126.633949
X4=90.419357
Y4=-100
Z4=126.439377
X5=171.547165
Y5=-100
Z5=85.787346
X6=181.666229
Y6=-100
Z6=109.063057
X7=171.547165
Y7=-100
Z7=85.787346
