[INFO]
XUNLUOPATHCOUNT=1
[XUNLUO0]
XUNLUOPOINTCOUNT=28
X0=213.063004
Y0=-100
Z0=208.863159
X1=188.856384
Y1=-100
Z1=220.045135
X2=162.141144
Y2=-100
Z2=225.590607
X3=136.070557
Y3=-100
Z3=222.949188
X4=117.353531
Y4=-100
Z4=213.852966
X5=102.676109
Y5=-100
Z5=200.065582
X6=82.937752
Y6=-100
Z6=191.435120
X7=53.814049
Y7=-100
Z7=175.684860
X8=50.238827
Y8=-100
Z8=157.462372
X9=72.097687
Y9=-100
Z9=143.945877
X10=44.610626
Y10=-100
Z10=109.217010
X11=63.777348
Y11=-100
Z11=91.352921
X12=91.149406
Y12=-100
Z12=74.909569
X13=109.190186
Y13=-100
Z13=47.126774
X14=131.299927
Y14=-100
Z14=42.793301
X15=153.616913
Y15=-100
Z15=51.677174
X16=168.800537
Y16=-100
Z16=87.269081
X17=185.636124
Y17=-100
Z17=104.458984
X18=205.032791
Y18=-100
Z18=113.161339
X19=215.294418
Y19=-100
Z19=130.629852
X20=211.728531
Y20=-100
Z20=146.473618
X21=191.627335
Y21=-100
Z21=150.674469
X22=171.151733
Y22=-100
Z22=145.960205
X23=149.498932
Y23=-100
Z23=149.417389
X24=144.539215
Y24=-100
Z24=179.504303
X25=156.140503
Y25=-100
Z25=192.875366
X26=178.549347
Y26=-100
Z26=199.593262
X27=212.994797
Y27=-100
Z27=208.799683
