[teleport_info]
teleport_count=1
[teleport0]
guid=0
lua_index=490479
teleport_l=55.000000
teleport_t=118.000000
teleport_r=72.000000
teleport_b=125.000000