[teleport_info]
teleport_count=2
[teleport0]
guid=0
lua_index=490459
teleport_l=31.000000
teleport_t=15.000000
teleport_r=41.000000
teleport_b=23.000000
[teleport1]
guid=1
lua_index=490482
teleport_l=41.000000
teleport_t=35.000000
teleport_r=48.000000
teleport_b=42.000000
