[teleport_info]
teleport_count=3
[teleport0]
guid=0
lua_index=888891
teleport_l=40.000000
teleport_t=40.000000
teleport_r=80.000000
teleport_b=80.000000
[teleport1]
guid=1
lua_index=550504
teleport_l=243.000000
teleport_t=119.000000
teleport_r=256.000000
teleport_b=131.000000
[teleport2]
guid=2
lua_index=310083
teleport_l=145.0000
teleport_t=83.50000
teleport_r=153.0000
teleport_b=91.50000