[teleport_info]
teleport_count=2
[teleport0]
guid=0
lua_index=700089
teleport_l=19.000000
teleport_t=111.000000
teleport_r=35.000000
teleport_b=123.000000
[teleport1]
guid=1
lua_index=700089
teleport_l=53.000000
teleport_t=99.000000
teleport_r=60.000000
teleport_b=115.000000
