[INFO]
XUNLUOPATHCOUNT=4
[XUNLUO0]
XUNLUOPOINTCOUNT=5
X0=92.676682
Y0=-100
Z0=163.707275
X1=94.239365
Y1=-100
Z1=175.408615
X2=117.851929
Y2=-100
Z2=175.883942
X3=117.622025
Y3=-100
Z3=164.674118
X4=95.033295
Y4=-100
Z4=163.427979
X5=98.040840
Y5=-100
Z5=182.892624
[XUNLUO1]
XUNLUOPOINTCOUNT=5
X0=159.660065
Y0=-100
Z0=161.871628
X1=158.627625
Y1=-100
Z1=181.543564
X2=182.545746
Y2=-100
Z2=181.574158
X3=181.542404
Y3=-100
Z3=160.387115
X4=159.697449
Y4=-100
Z4=160.910339
X5=111.200310
Y5=-100
Z5=55.250301
X6=111.273193
Y6=-100
Z6=93.980164
[XUNLUO2]
XUNLUOPOINTCOUNT=5
X0=70.104622
Y0=-100
Z0=64.339836
X1=69.607506
Y1=-100
Z1=84.108223
X2=89.957397
Y2=-100
Z2=88.796112
X3=88.586494
Y3=-100
Z3=65.381439
X4=68.887039
Y4=-100
Z4=61.359028
X5=102.817650
Y5=-100
Z5=57.631226
X6=59.988781
Y6=-100
Z6=56.832783
X7=161.960815
Y7=-100
Z7=52.086124
[XUNLUO3]
XUNLUOPOINTCOUNT=5
X0=133.987900
Y0=-100
Z0=64.625290
X1=152.096405
Y1=-100
Z1=63.381119
X2=150.649445
Y2=-100
Z2=82.551003
X3=135.031006
Y3=-100
Z3=83.232086
X4=133.469223
Y4=-100
Z4=64.422577
X5=157.704071
Y5=-100
Z5=164.637390
X6=169.675766
Y6=-100
Z6=187.774002
X7=189.866913
Y7=-100
Z7=157.438004
X8=162.981842
Y8=-100
Z8=168.383804
