[teleport_info]
teleport_count=1
[teleport0]
guid=0
lua_index=490035
teleport_l=99.000000
teleport_t=111.000000
teleport_r=111.000000
teleport_b=119.000000
