[INFO]
XUNLUOPATHCOUNT=1
[XUNLUO0]
XUNLUOPOINTCOUNT=16
X0=44.585148
Y0=-100
Z0=63.472515
X1=63.115562
Y1=-100
Z1=76.469124
X2=88.897125
Y2=-100
Z2=75.956390
X3=104.733887
Y3=-100
Z3=97.067863
X4=133.099655
Y4=-100
Z4=119.027214
X5=162.066879
Y5=-100
Z5=116.541786
X6=186.669266
Y6=-100
Z6=108.460091
X7=201.804276
Y7=-100
Z7=91.070816
X8=201.890503
Y8=-100
Z8=77.624413
X9=192.148895
Y9=-100
Z9=57.254116
X10=159.347275
Y10=-100
Z10=54.386040
X11=137.517944
Y11=-100
Z11=64.317772
X12=113.887825
Y12=-100
Z12=64.664764
X13=86.537209
Y13=-100
Z13=61.470131
X14=65.536125
Y14=-100
Z14=48.611141
X15=44.702248
Y15=-100
Z15=63.502045
