[teleport_info]
teleport_count=2
[teleport0]
guid=0
lua_index=490433
teleport_l=153.000000
teleport_t=200.000000
teleport_r=161.000000
teleport_b=216.000000
[teleport1]
guid=1
lua_index=490440
teleport_l=174.000000
teleport_t=37.000000
teleport_r=185.000000
teleport_b=51.000000
