[INFO]
XUNLUOPATHCOUNT=2
[XUNLUO0]
XUNLUOPOINTCOUNT=2
X0=40
Y0=0.3
Z0=25
X1=36
Y1=0.3
Z1=38
[XUNLUO1]
XUNLUOPOINTCOUNT=2
X0=64.769722
Y0=-100
Z0=60.364239
X1=63
Y1=-100
Z1=63

