[teleport_info]

teleport_count=2
[teleport0]
guid=0
lua_index=-1
teleport_l=228.000000
teleport_t=118.000000
teleport_r=233.000000
teleport_b=132.000000
[teleport1]
guid=1
lua_index=-1
teleport_l=22.000000
teleport_t=119.000000
teleport_r=26.000000
teleport_b=132.000000
