[INFO]
XUNLUOPATHCOUNT=1
[XUNLUO0]
XUNLUOPOINTCOUNT=11
X0=32.472569
Y0=-100
Z0=110.757195
X1=53.139267
Y1=-100
Z1=127.810066
X2=118.353260
Y2=-100
Z2=161.617470
X3=176.235832
Y3=-100
Z3=142.061737
X4=176.196793
Y4=-100
Z4=103.054123
X5=209.639015
Y5=-100
Z5=101.295731
X6=198.075459
Y6=-100
Z6=53.096664
X7=138.649120
Y7=-100
Z7=30.050140
X8=51.281952
Y8=-100
Z8=39.513847
X9=52.648232
Y9=-100
Z9=104.814491
X10=32.472569
Y10=-100
Z10=110.757195
