[INFO]
XUNLUOPATHCOUNT=2
[XUNLUO0]
XUNLUOPOINTCOUNT=12
X0=478.000000
Y0=-100
Z0=391.000000
X1=474.000000
Y1=-100
Z1=405.000000
X2=457.000000
Y2=-100
Z2=428.000000
X3=435.000000
Y3=-100
Z3=436.000000
X4=411.000000
Y4=-100
Z4=400.000000
X5=410.000000
Y5=-100
Z5=359.000000
X6=383.000000
Y6=-100
Z6=274.000000
X7=345.000000
Y7=-100
Z7=239.000000
X8=299.000000
Y8=-100
Z8=192.000000
X9=256.000000
Y9=-100
Z9=158.000000
X10=248.000000
Y10=-100
Z10=146.000000
X11=237.000000
Y11=-100
Z11=142.000000
[XUNLUO1]
XUNLUOPOINTCOUNT=17
X0=56.000000
Y0=-100
Z0=125.000000
X1=57.134354
Y1=-100
Z1=134.874130
X2=59.294941
Y2=-100
Z2=141.660629
X3=63.237362
Y3=-100
Z3=148.467545
X4=78.090408
Y4=-100
Z4=166.839233
X5=95.000000
Y5=-100
Z5=186.000000
X6=118.000000
Y6=-100
Z6=209.000000
X7=149.000000
Y7=-100
Z7=220.000000
X8=170.000000
Y8=-100
Z8=220.000000
X9=185.000000
Y9=-100
Z9=214.000000
X10=222.000000
Y10=-100
Z10=208.000000
X11=274.000000
Y11=-100
Z11=186.000000
X12=293.000000
Y12=-100
Z12=185.000000
X13=326.000000
Y13=-100
Z13=220.000000
X14=366.000000
Y14=-100
Z14=257.000000
X15=390.000000
Y15=-100
Z15=282.000000
X16=401.329132
Y16=-100
Z16=294.217926
settletime16=999999000
