[teleport_info]
teleport_count=1
[teleport0]
guid=0
lua_index=490040 ;籵厘卼傑
teleport_l=61.000000
teleport_t=122.000000
teleport_r=66.000000
teleport_b=126.000000
