[INFO]
XUNLUOPATHCOUNT=1
[XUNLUO0]
XUNLUOPOINTCOUNT=11
X0=88.472569
Y0=-100
Z0=61.757195
X1=195.139267
Y1=-100
Z1=115.810066
X2=183.353260
Y2=-100
Z2=146.617470
X3=218.235832
Y3=-100
Z3=220.061737
X4=168.196793
Y4=-100
Z4=218.054123
X5=204.639015
Y5=-100
Z5=192.295731
X6=173.075459
Y6=-100
Z6=127.096664
X7=155.649120
Y7=-100
Z7=83.050140
X8=121.281952
Y8=-100
Z8=84.513847
X9=83.648232
Y9=-100
Z9=52.814491
X10=88.472569
Y10=-100
Z10=61.757195