[teleport_info]
teleport_count=2
[teleport0]
guid=0
lua_index=300405
teleport_l=55.000000
teleport_t=209.000000
teleport_r=65.000000
teleport_b=219.000000
[teleport1]
guid=1
lua_index=300463
teleport_l=213.000000
teleport_t=60.000000
teleport_r=227.000000
teleport_b=69.000000
