[teleport_info]
teleport_count=2
[teleport0]
guid=0
lua_index=888891
teleport_l=194.000000
teleport_t=50.000000
teleport_r=198.000000
teleport_b=54.000000
[teleport1]
guid=1
lua_index=888891
teleport_l=68.000000
teleport_t=200.000000
teleport_r=74.000000
teleport_b=208.000000