[teleport_info]
teleport_count=3
[teleport0]
guid=0
lua_index=550505
teleport_l=10.000000
teleport_t=131.000000
teleport_r=19.000000
teleport_b=143.000000
[teleport1]
guid=1
lua_index=300413
teleport_l=230.000000
teleport_t=70.000000
teleport_r=238.000000
teleport_b=76.000000
[teleport2]
guid=2
lua_index=300258
teleport_l=225.000000
teleport_t=218.000000
teleport_r=235.000000
teleport_b=228.000000