[teleport_info]
teleport_count=2
[teleport0]
guid=0
lua_index=490505
teleport_l=13.000000
teleport_t=19.000000
teleport_r=24.000000
teleport_b=27.000000
[teleport1]
guid=1
lua_index=490504
teleport_l=99.000000
teleport_t=98.000000
teleport_r=115.000000
teleport_b=110.000000
