[teleport_info]
teleport_count=2
[teleport0]
guid=0
lua_index=490402
teleport_l=8.000000
teleport_t=116.000000
teleport_r=20.000000
teleport_b=124.000000
[teleport1]
guid=1
lua_index=490403
teleport_l=116.000000
teleport_t=94.000000
teleport_r=126.000000
teleport_b=109.000000
