[INFO]
XUNLUOPATHCOUNT=1
[XUNLUO0]
XUNLUOPOINTCOUNT=36
X0=42.232986
Y0=-100
Z0=47.146984
X1=59.397007
Y1=-100
Z1=55.121513
X2=78.080750
Y2=-100
Z2=56.488632
X3=92.875694
Y3=-100
Z3=60.067959
X4=108.042915
Y4=-100
Z4=64.280281
X5=111.562767
Y5=-100
Z5=86.303856
X6=101.635284
Y6=-100
Z6=111.080521
X7=76.114296
Y7=-100
Z7=108.718597
X8=56.371288
Y8=-100
Z8=107.139801
X9=42.021408
Y9=-100
Z9=118.423782
X10=45.438427
Y10=-100
Z10=137.782761
X11=66.428810
Y11=-100
Z11=151.007904
X12=79.874580
Y12=-100
Z12=166.346222
X13=94.340317
Y13=-100
Z13=180.930801
X14=99.238075
Y14=-100
Z14=200.331894
X15=105.801292
Y15=-100
Z15=209.906433
X16=124.838867
Y16=-100
Z16=212.107346
X17=143.448975
Y17=-100
Z17=210.789444
X18=154.612061
Y18=-100
Z18=199.401047
X19=162.965912
Y19=-100
Z19=182.194595
X20=176.698822
Y20=-100
Z20=169.603043
X21=194.358978
Y21=-100
Z21=163.045731
X22=204.373856
Y22=-100
Z22=151.393539
X23=204.857727
Y23=-100
Z23=137.643875
X24=192.745255
Y24=-100
Z24=121.080734
X25=185.426270
Y25=-100
Z25=110.794189
X26=205.902023
Y26=-100
Z26=100.789063
X27=206.277283
Y27=-100
Z27=84.774910
X28=179.347229
Y28=-100
Z28=67.591721
X29=158.135025
Y29=-100
Z29=56.549526
X30=143.899734
Y30=-100
Z30=47.691063
X31=131.271912
Y31=-100
Z31=36.258114
X32=113.669098
Y32=-100
Z32=29.556503
X33=91.105675
Y33=-100
Z33=31.498896
X34=69.292015
Y34=-100
Z34=35.446621
X35=42.161827
Y35=-100
Z35=47.098110
