[INFO]
XUNLUOPATHCOUNT=8
[XUNLUO0]
XUNLUOPOINTCOUNT=4
X0=113.856140
Y0=-100
Z0=132.789200
X1=117.820297
Y1=-100
Z1=137.672821
X2=114.307198
Y2=-100
Z2=140.787415
X3=113.864990
Y3=-100
Z3=132.732025
[XUNLUO1]
XUNLUOPOINTCOUNT=4
X0=110.865623
Y0=-100
Z0=110.468300
X1=111.561584
Y1=-100
Z1=118.615562
X2=120.391281
Y2=-100
Z2=125.166023
X3=119.991508
Y3=-100
Z3=127.916809
[XUNLUO2]
XUNLUOPOINTCOUNT=2
X0=183.915634
Y0=-100
Z0=34.734142
X1=209.522095
Y1=-100
Z1=33.700195
[XUNLUO3]
XUNLUOPOINTCOUNT=2
X0=178.140656
Y0=-100
Z0=42.238026
X1=180.603027
Y1=-100
Z1=56.692055
[XUNLUO4]
XUNLUOPOINTCOUNT=2
X0=188.656387
Y0=-100
Z0=58.433384
X1=212.551682
Y1=-100
Z1=58.092495
[XUNLUO5]
XUNLUOPOINTCOUNT=2
X0=207.250992
Y0=-100
Z0=64.566017
X1=221.242218
Y1=-100
Z1=72.480255
[XUNLUO6]
XUNLUOPOINTCOUNT=2
X0=174.656387
Y0=-100
Z0=151.356735
X1=178.807358
Y1=-100
Z1=144.333206
[XUNLUO7]
XUNLUOPOINTCOUNT=19
X0=204.187775
Y0=-100
Z0=165.150650
X1=181.690460
Y1=-100
Z1=183.227158
X2=156.806396
Y2=-100
Z2=164.856781
X3=154.160324
Y3=-100
Z3=146.092575
X4=149.687592
Y4=-100
Z4=128.763611
X5=110.490425
Y5=-100
Z5=134.472702
X6=99.275116
Y6=-100
Z6=97.179031
X7=72.665421
Y7=-100
Z7=91.355476
X8=38.808418
Y8=-100
Z8=104.919708
X9=44.500370
Y9=-100
Z9=135.896439
X10=60.355865
Y10=-100
Z10=159.800827
X11=86.943039
Y11=-100
Z11=161.381668
X12=108.988670
Y12=-100
Z12=158.856003
X13=110.717056
Y13=-100
Z13=132.126846
X14=151.385193
Y14=-100
Z14=126.374832
X15=176.213043
Y15=-100
Z15=108.866196
X16=193.705688
Y16=-100
Z16=120.764206
X17=210.655716
Y17=-100
Z17=145.984833
X18=204.277954
Y18=-100
Z18=165.199509
