[INFO]
XUNLUOPATHCOUNT=10
[XUNLUO0]
XUNLUOPOINTCOUNT=16
X0=201.133331
Y0=-100
Z0=86.536606
X1=190.079453
Y1=-100
Z1=74.073898
X2=176.702713
Y2=-100
Z2=63.381824
X3=158.067047
Y3=-100
Z3=63.248226
X4=126.797791
Y4=-100
Z4=64.546844
X5=126.684746
Y5=-100
Z5=91.418846
X6=103.647446
Y6=-100
Z6=116.978462
X7=79.998840
Y7=-100
Z7=121.076286
X8=45.454540
Y8=-100
Z8=120.715897
X9=42.693359
Y9=-100
Z9=101.735451
X10=45.306835
Y10=-100
Z10=76.309357
X11=54.962593
Y11=-100
Z11=69.826019
X12=48.989590
Y12=-100
Z12=53.036831
X13=65.196106
Y13=-100
Z13=45.251339
X14=87.649033
Y14=-100
Z14=50.727081
X15=126.907547
Y15=-100
Z15=64.574936
[XUNLUO1]
XUNLUOPOINTCOUNT=3
X0=310.748840
Y0=-100
Z0=196.689270
X1=350.948059
Y1=-100
Z1=233.229385
X2=390.262299
Y2=-100
Z2=279.368835
[XUNLUO2]
XUNLUOPOINTCOUNT=3
X0=386.923096
Y0=-100
Z0=283.581726
X1=339.372070
Y1=-100
Z1=244.682022
X2=305.614227
Y2=-100
Z2=202.835587
[XUNLUO3]
XUNLUOPOINTCOUNT=2
X0=396.229767
Y0=-100
Z0=43.547539
X1=402.281830
Y1=-100
Z1=48.980820
settletime1=999000000
[XUNLUO4]
XUNLUOPOINTCOUNT=1
X0=396.229767
Y0=-100
Z0=43.547539
settletime0=999000000
[XUNLUO5]
XUNLUOPOINTCOUNT=1
X0=234
Y0=-100
Z0=251
settletime0=999000000
[XUNLUO6]
XUNLUOPOINTCOUNT=2
X0=152
Y0=-100
Z0=357
X1=173
Y1=-100
Z1=380
settletime1=999000000
[XUNLUO7]
XUNLUOPOINTCOUNT=2
X0=155
Y0=-100
Z0=376
X1=180
Y1=-100
Z1=390
settletime1=999000000
[XUNLUO8]
XUNLUOPOINTCOUNT=2
X0=154
Y0=-100
Z0=380
X1=180
Y1=-100
Z1=390
settletime1=999000000
[XUNLUO9]
XUNLUOPOINTCOUNT=2
X0=150
Y0=-100
Z0=376
X1=180
Y1=-100
Z1=390
settletime1=999000000
