[teleport_info]
teleport_count=2
[teleport0]
guid=0
lua_index=700085
teleport_l=87.000000
teleport_t=96.000000
teleport_r=98.000000
teleport_b=115.000000
[teleport1]
guid=1
lua_index=700085
teleport_l=10.000000
teleport_t=101.000000
teleport_r=28.000000
teleport_b=111.000000
