[INFO]
XUNLUOPATHCOUNT=2
[XUNLUO0]
XUNLUOPOINTCOUNT=3
X0=128.237000
Y0=-100
Z0=201.948975
X1=128.129791
Y1=-100
Z1=155.703613
X2=134.003845
Y2=-100
Z2=51.922585
[XUNLUO1]
XUNLUOPOINTCOUNT=3
X0=128.165771
Y0=-100
Z0=148.483047
X1=122.389885
Y1=-100
Z1=78.807518
X2=121.949997
Y2=-100
Z2=51.966187
