[INFO]
XUNLUOPATHCOUNT=4
[XUNLUO0]
XUNLUOPOINTCOUNT=5
X0=102.768181
Y0=-100
Z0=143.221878
X1=102.626816
Y1=-100
Z1=154.321899
X2=138.949570
Y2=-100
Z2=154.271240
X3=140.271744
Y3=-100
Z3=138.264435
X4=102.408302
Y4=-100
Z4=137.613647
X5=142.048157
Y5=-100
Z5=148.479599
X6=142.656677
Y6=-100
Z6=168.274826
X7=142.048157
Y7=-100
Z7=148.479599
X8=142.656677
Y8=-100
Z8=168.274826
[XUNLUO1]
XUNLUOPOINTCOUNT=5
X0=172.214737
Y0=-100
Z0=117.304131
X1=173.104553
Y1=-100
Z1=105.141029
X2=137.926483
Y2=-100
Z2=104.150894
X3=138.425293
Y3=-100
Z3=117.082092
X4=172.227295
Y4=-100
Z4=117.766418
X5=160.988983
Y5=-100
Z5=117.793236
X6=163.066605
Y6=-100
Z6=141.467255
X7=186.748474
Y7=-100
Z7=141.450668
[XUNLUO2]
XUNLUOPOINTCOUNT=5
X0=82.427765
Y0=-100
Z0=45.707352
X1=78.294067
Y1=-100
Z1=85.880203
X2=107.050926
Y2=-100
Z2=85.207512
X3=107.089516
Y3=-100
Z3=46.199337
X4=83.496246
Y4=-100
Z4=45.273769
X5=107.089516
Y5=-100
Z5=46.199337
X6=63.488110
Y6=-100
Z6=44.115410
X7=99.425545
Y7=-100
Z7=59.281578
X8=61.373760
Y8=-100
Z8=69.155251
X9=59.174423
Y9=-100
Z9=96.307655
[XUNLUO3]
XUNLUOPOINTCOUNT=4
X0=135.058273
Y0=-100
Z0=89.740738
X1=176.820786
Y1=-100
Z1=82.175629
X2=176.270248
Y2=-100
Z2=71.341034
X3=134.690384
Y3=-100
Z3=74.592316
X4=153.219788
Y4=-100
Z4=73.295906
X5=150.436859
Y5=-100
Z5=38.337215
X6=133.181320
Y6=-100
Z6=37.540295
[XUNLUO4]
XUNLUOPOINTCOUNT=0
