[INFO]
XUNLUOPATHCOUNT=1
[XUNLUO0]
XUNLUOPOINTCOUNT=1
X0=73.275871
Y0=-100
Z0=48.512383
