[INFO]
XUNLUOPATHCOUNT=4
[XUNLUO0]
XUNLUOPOINTCOUNT=5
X0=102.403336
Y0=-100
Z0=156.097046
X1=102.367516
Y1=-100
Z1=174.213455
X2=115.094040
Y2=-100
Z2=174.847153
X3=114.870529
Y3=-100
Z3=156.372269
X4=102.599335
Y4=-100
Z4=155.597061
X5=98.040840
Y5=-100
Z5=182.892624
[XUNLUO1]
XUNLUOPOINTCOUNT=5
X0=160.460693
Y0=-100
Z0=160.749069
X1=160.058502
Y1=-100
Z1=176.197495
X2=184.974472
Y2=-100
Z2=177.156601
X3=184.756546
Y3=-100
Z3=160.744049
X4=160.279739
Y4=-100
Z4=160.279297
X5=111.200310
Y5=-100
Z5=55.250301
X6=111.273193
Y6=-100
Z6=93.980164
[XUNLUO2]
XUNLUOPOINTCOUNT=5
X0=69.878319
Y0=-100
Z0=63.691372
X1=68.778915
Y1=-100
Z1=75.304031
X2=85.793846
Y2=-100
Z2=77.117401
X3=87.172012
Y3=-100
Z3=64.405846
X4=70.033752
Y4=-100
Z4=63.674297
X5=102.817650
Y5=-100
Z5=57.631226
X6=59.988781
Y6=-100
Z6=56.832783
X7=161.960815
Y7=-100
Z7=52.086124
[XUNLUO3]
XUNLUOPOINTCOUNT=5
X0=135.567902
Y0=-100
Z0=64.124977
X1=151.745422
Y1=-100
Z1=63.360363
X2=151.248108
Y2=-100
Z2=84.193840
X3=137.515320
Y3=-100
Z3=84.408997
X4=135.238556
Y4=-100
Z4=64.129646
X5=157.704071
Y5=-100
Z5=164.637390
X6=169.675766
Y6=-100
Z6=187.774002
X7=189.866913
Y7=-100
Z7=157.438004
X8=162.981842
Y8=-100
Z8=168.383804
