[teleport_info]
teleport_count=1
[teleport0]
guid=0
lua_index=270164
teleport_l=33.000000
teleport_t=18.000000
teleport_r=39.000000
teleport_b=21.000000
