[INFO]
XUNLUOPATHCOUNT=1
[XUNLUO0]
XUNLUOPOINTCOUNT=15
X0=198.207840
Y0=-100
Z0=91.787460
X1=168.080917
Y1=-100
Z1=91.928696
X2=136.618073
Y2=-100
Z2=83.526459
X3=98.344254
Y3=-100
Z3=83.587341
X4=103.065125
Y4=-100
Z4=109.641228
X5=90.193634
Y5=-100
Z5=116.224571
X6=73.435333
Y6=-100
Z6=135.073166
X7=72.174950
Y7=-100
Z7=155.804626
X8=99.689865
Y8=-100
Z8=169.955261
X9=126.897110
Y9=-100
Z9=172.628952
X10=158.771011
Y10=-100
Z10=184.457275
X11=181.484573
Y11=-100
Z11=171.582245
X12=182.603897
Y12=-100
Z12=144.414764
X13=190.328568
Y13=-100
Z13=121.407356
X14=198.152451
Y14=-100
Z14=91.681061
