[teleport_info]
teleport_count=3
[teleport0]
guid=0
lua_index=300598
teleport_l=236.000000
teleport_t=214.000000
teleport_r=246.000000
teleport_b=224.000000
[teleport1]
guid=1
lua_index=300583
teleport_l=9.000000
teleport_t=52.000000
teleport_r=17.000000
teleport_b=63.000000
[teleport2]
guid=2
lua_index=-1
teleport_l=123.0000
teleport_t=1.0000
teleport_r=128.0000
teleport_b=4.0000
