[INFO]
XUNLUOPATHCOUNT=4
[XUNLUO0]
XUNLUOPOINTCOUNT=5
X0=102.276375
Y0=-100
Z0=137.859039
X1=103.087395
Y1=-100
Z1=153.979843
X2=139.392761
Y2=-100
Z2=154.365479
X3=140.271744
Y3=-100
Z3=138.264435
X4=102.408302
Y4=-100
Z4=137.613647
X5=142.048157
Y5=-100
Z5=148.479599
X6=142.656677
Y6=-100
Z6=168.274826
X7=142.048157
Y7=-100
Z7=148.479599
X8=142.656677
Y8=-100
Z8=168.274826
[XUNLUO1]
XUNLUOPOINTCOUNT=5
X0=186.911240
Y0=-100
Z0=141.401901
X1=187.017044
Y1=-100
Z1=110.008118
X2=161.622925
Y2=-100
Z2=108.702980
X3=163.066605
Y3=-100
Z3=141.467255
X4=186.748474
Y4=-100
Z4=141.450668
X5=160.988983
Y5=-100
Z5=117.793236
X6=163.066605
Y6=-100
Z6=141.467255
X7=186.748474
Y7=-100
Z7=141.450668
[XUNLUO2]
XUNLUOPOINTCOUNT=4
X0=65.485924
Y0=-100
Z0=64.195671
X1=95.749664
Y1=-100
Z1=67.109711
X2=96.656540
Y2=-100
Z2=46.305187
X3=63.488110
Y3=-100
Z3=44.115410
X4=107.050926
Y4=-100
Z4=85.207512
X5=107.089516
Y5=-100
Z5=46.199337
X6=63.488110
Y6=-100
Z6=44.115410
X7=99.425545
Y7=-100
Z7=59.281578
X8=61.373760
Y8=-100
Z8=69.155251
X9=59.174423
Y9=-100
Z9=96.307655
[XUNLUO3]
XUNLUOPOINTCOUNT=5
X0=130.542969
Y0=-100
Z0=37.873215
X1=131.782379
Y1=-100
Z1=69.119171
X2=153.951904
Y2=-100
Z2=68.441505
X3=150.436859
Y3=-100
Z3=38.337215
X4=133.181320
Y4=-100
Z4=37.540295
X5=150.436859
Y5=-100
Z5=38.337215
X6=133.181320
Y6=-100
Z6=37.540295
[XUNLUO4]
XUNLUOPOINTCOUNT=0
