[teleport_info]
teleport_count=2
[teleport0]
guid=0
lua_index=700009
teleport_l=55.000000
teleport_t=16.000000
teleport_r=76.000000
teleport_b=30.000000
[teleport1]
guid=1
lua_index=700009
teleport_l=58.000000
teleport_t=107.000000
teleport_r=71.000000
teleport_b=115.000000
