[teleport_info]
teleport_count=3
[teleport0]
guid=0
lua_index=300584
teleport_l=223.000000
teleport_t=99.000000
teleport_r=230.000000
teleport_b=111.000000
[teleport1]
guid=1
lua_index=300585
teleport_l=96.000000
teleport_t=224.000000
teleport_r=111.000000
teleport_b=236.000000
[teleport2]
guid=2
lua_index=888891
teleport_l=150.000000
teleport_t=184.000000
teleport_r=168.000000
teleport_b=197.000000
