[teleport_info]
teleport_count=2
[teleport0]
guid=0
lua_index=300404
teleport_l=34.000000
teleport_t=123.000000
teleport_r=45.000000
teleport_b=132.000000
[teleport1]
guid=1
lua_index=300594
teleport_l=196.000000
teleport_t=44.000000
teleport_r=207.000000
teleport_b=53.000000
