[teleport_info]
teleport_count=2
[teleport0]
guid=0
lua_index=490435
teleport_l=95.000000
teleport_t=39.000000
teleport_r=102.000000
teleport_b=54.000000
[teleport1]
guid=1
lua_index=490442
teleport_l=71.000000
teleport_t=204.000000
teleport_r=82.000000
teleport_b=217.000000
