[teleport_info]
teleport_count=2
[teleport0]
guid=0
lua_index=300604
teleport_l=11.000000
teleport_t=135.000000
teleport_r=22.000000
teleport_b=144.000000
[teleport1]
guid=1
lua_index=888891
teleport_l=72.0000
teleport_t=52.0000
teleport_r=78.0000
teleport_b=58.0000
