[teleport_info]
teleport_count=2
[teleport0]
guid=0
lua_index=300554 ;뽈냘繫鞏댕떼
teleport_l=59.000000
teleport_t=119.000000
teleport_r=69.000000
teleport_b=126.000000
[teleport1]
guid=1
lua_index=490401 ;繫鞏살晨裂쨌
teleport_l=111.000000
teleport_t=14.000000
teleport_r=119.000000
teleport_b=21.000000
