[INFO]
XUNLUOPATHCOUNT=4
[XUNLUO0]
XUNLUOPOINTCOUNT=5
X0=190.244370
Y0=-100
Z0=73.804817
X1=182.753143
Y1=-100
Z1=82.150406
X2=172.394806
Y2=-100
Z2=79.404198
X3=161.606796
Y3=-100
Z3=83.707489
X4=150.479782
Y4=-100
Z4=73.116829
X5=90.227493
Y5=-100
Z5=82.777519
X6=98.638893
Y6=-100
Z6=82.723610
X7=98.738831
Y7=-100
Z7=51.633602
X8=58.203785
Y8=-100
Z8=51.515923
[XUNLUO1]
XUNLUOPOINTCOUNT=5
X0=99.265419
Y0=-100
Z0=54.290142
X1=64.593033
Y1=-100
Z1=53.679333
X2=64.515144
Y2=-100
Z2=64.328865
X3=100.089577
Y3=-100
Z3=65.421188
X4=99.761864
Y4=-100
Z4=56.217674
X5=102.938690
Y5=-100
Z5=79.424637
X6=134.034973
Y6=-100
Z6=79.584198
[XUNLUO2]
XUNLUOPOINTCOUNT=5
X0=111.601196
Y0=-100
Z0=170.539780
X1=81.702774
Y1=-100
Z1=169.645645
X2=82.014626
Y2=-100
Z2=185.659012
X3=112.740929
Y3=-100
Z3=186.556488
X4=112.356850
Y4=-100
Z4=170.754395
X5=82.014626
Y5=-100
Z5=185.659012
X6=112.740929
Y6=-100
Z6=186.556488
X7=131.903076
Y7=-100
Z7=186.405945
[XUNLUO3]
XUNLUOPOINTCOUNT=5
X0=174.458893
Y0=-100
Z0=120.070061
X1=202.004654
Y1=-100
Z1=122.041664
X2=202.238419
Y2=-100
Z2=135.090942
X3=176.795166
Y3=-100
Z3=135.274002
X4=172.982880
Y4=-100
Z4=120.268990
X5=182.947037
Y5=-100
Z5=130.162247
X6=182.483139
Y6=-100
Z6=166.036713
