[INFO]
XUNLUOPATHCOUNT=1
[XUNLUO0]
XUNLUOPOINTCOUNT=5
X0=125.456810
Y0=-100.000000
Z0=34.507587
X1=130.471954
Y1=-100.000000
Z1=34.639805
X2=130.375671
Y2=-100.000000
Z2=113.383118
X3=125.569885
Y3=-100.000000
Z3=113.443298
X4=125.425545
Y4=-100.000000
Z4=34.459667
