[teleport_info]
teleport_count=1
[teleport0]
guid=0
lua_index=300535
teleport_l=229.000000
teleport_t=121.000000
teleport_r=237.000000
teleport_b=129.000000