[INFO]
XUNLUOPATHCOUNT=4
[XUNLUO0]
XUNLUOPOINTCOUNT=4
X0=125.790344
Y0=-100
Z0=88.113548
X1=151.440842
Y1=-100
Z1=50.886181
X2=110.799126
Y2=-100
Z2=50.539688
X3=124.189629
Y3=-100
Z3=87.964737
X4=150.132248
Y4=-100
Z4=40.172707
X5=128.279404
Y5=-100
Z5=40.417023
X6=128.155136
Y6=-100
Z6=88.407120
[XUNLUO1]
XUNLUOPOINTCOUNT=5
X0=170.919601
Y0=-100
Z0=58.654140
X1=199.188293
Y1=-100
Z1=51.091434
X2=200.596252
Y2=-100
Z2=63.669239
X3=171.711395
Y3=-100
Z3=67.931366
X4=170.441559
Y4=-100
Z4=56.543247
X5=111.200310
Y5=-100
Z5=55.250301
X6=111.273193
Y6=-100
Z6=93.980164
[XUNLUO2]
XUNLUOPOINTCOUNT=5
X0=115.068901
Y0=-100
Z0=158.672607
X1=140.905685
Y1=-100
Z1=159.115143
X2=142.240295
Y2=-100
Z2=140.278107
X3=112.199013
Y3=-100
Z3=140.961548
X4=113.858131
Y4=-100
Z4=158.633270
X5=123.081360
Y5=-100
Z5=52.047543
X6=121.653526
Y6=-100
Z6=98.140862
X7=161.960815
Y7=-100
Z7=52.086124
[XUNLUO3]
XUNLUOPOINTCOUNT=4
X0=59.837578
Y0=-100
Z0=148.998352
X1=49.590126
Y1=-100
Z1=115.422455
X2=69.752693
Y2=-100
Z2=115.613297
X3=60.514793
Y3=-100
Z3=148.659088
X4=78.747398
Y4=-100
Z4=199.875595
X5=66.914955
Y5=-100
Z5=200.123657
X6=169.675766
Y6=-100
Z6=187.774002
X7=189.866913
Y7=-100
Z7=157.438004
X8=162.981842
Y8=-100
Z8=168.383804
