[teleport_info]
teleport_count=1
[teleport0]
guid=0
lua_index=300398
teleport_l=53.000000
teleport_t=58.000000
teleport_r=57.000000
teleport_b=62.000000
