[INFO]
XUNLUOPATHCOUNT=2
[XUNLUO0]
XUNLUOPOINTCOUNT=18
X0=120.356628
Y0=-100
Z0=94.908279
X1=127.652893
Y1=-100
Z1=92.535561
X2=136.650650
Y2=-100
Z2=94.386986
X3=143.640610
Y3=-100
Z3=96.355057
X4=148.924057
Y4=-100
Z4=101.833191
X5=155.013107
Y5=-100
Z5=106.285934
X6=157.960022
Y6=-100
Z6=108.062325
X7=160.853043
Y7=-100
Z7=113.477173
X8=161.105408
Y8=-100
Z8=122.330330
X9=160.603958
Y9=-100
Z9=130.596970
X10=147.176697
Y10=-100
Z10=144.097931
X11=134.011978
Y11=-100
Z11=156.429550
X12=114.700211
Y12=-100
Z12=156.923599
X13=100.454475
Y13=-100
Z13=144.715622
X14=99.632851
Y14=-100
Z14=135.299973
X15=101.471161
Y15=-100
Z15=119.258781
X16=106.428017
Y16=-100
Z16=108.735374
X17=119.045715
Y17=-100
Z17=95.857643
[XUNLUO1]
XUNLUOPOINTCOUNT=23
X0=210.156158
Y0=-100
Z0=189.295349
X1=205.598541
Y1=-100
Z1=176.856873
X2=202.135925
Y2=-100
Z2=165.536880
X3=197.236633
Y3=-100
Z3=153.427628
X4=185.981735
Y4=-100
Z4=142.019150
X5=175.838943
Y5=-100
Z5=131.563644
X6=165.933197
Y6=-100
Z6=120.086281
X7=153.741333
Y7=-100
Z7=109.044487
X8=141.508560
Y8=-100
Z8=100.852570
X9=126.752342
Y9=-100
Z9=97.509323
X10=116.029350
Y10=-100
Z10=105.259705
X11=111.641716
Y11=-100
Z11=111.235512
X12=106.103661
Y12=-100
Z12=121.166016
X13=105.349876
Y13=-100
Z13=131.800247
X14=105.857765
Y14=-100
Z14=138.899643
X15=111.401154
Y15=-100
Z15=146.128311
X16=120.918213
Y16=-100
Z16=158.993637
X17=127.157082
Y17=-100
Z17=171.044510
X18=140.344635
Y18=-100
Z18=184.010101
X19=151.320877
Y19=-100
Z19=191.445511
X20=169.271637
Y20=-100
Z20=197.985092
X21=183.315979
Y21=-100
Z21=203.774124
X22=196.686752
Y22=-100
Z22=206.839355
