[teleport_info]
teleport_count=2
[teleport0]
guid=0
lua_index=490205
teleport_l=232.000000
teleport_t=115.000000
teleport_r=244.000000
teleport_b=125.000000
[teleport1]
guid=1
lua_index=490204
teleport_l=17.000000
teleport_t=127.000000
teleport_r=29.000000
teleport_b=139.000000