[teleport_info]
teleport_count=3
[teleport0]
guid=0
lua_index=300597
teleport_l=135.000000
teleport_t=234.000000
teleport_r=144.000000
teleport_b=243.000000
[teleport1]
guid=1
lua_index=300596
teleport_l=227.000000
teleport_t=148.000000
teleport_r=235.000000
teleport_b=157.000000
[teleport2]
guid=2
lua_index=300547
teleport_l=29.000000
teleport_t=19.000000
teleport_r=37.000000
teleport_b=27.000000