[INFO]
XUNLUOPATHCOUNT=1
[XUNLUO0]
XUNLUOPOINTCOUNT=30
X0=208.622589
Y0=-100
Z0=92.275368
X1=196.146301
Y1=-100
Z1=76.301590
X2=173.280090
Y2=-100
Z2=63.339901
X3=148.976288
Y3=-100
Z3=52.174526
X4=127.947914
Y4=-100
Z4=33.520851
X5=97.388260
Y5=-100
Z5=31.475683
X6=64.900124
Y6=-100
Z6=36.443810
X7=49.213989
Y7=-100
Z7=56.220184
X8=79.090836
Y8=-100
Z8=58.961830
X9=102.668655
Y9=-100
Z9=62.582130
X10=110.841217
Y10=-100
Z10=85.202148
X11=109.396255
Y11=-100
Z11=107.937355
X12=95.575745
Y12=-100
Z12=114.963020
X13=54.922287
Y13=-100
Z13=107.481544
X14=42.153046
Y14=-100
Z14=122.052673
X15=45.560722
Y15=-100
Z15=136.761566
X16=58.440338
Y16=-100
Z16=147.278671
X17=74.688202
Y17=-100
Z17=156.896637
X18=93.627579
Y18=-100
Z18=175.846756
X19=101.576385
Y19=-100
Z19=205.973175
X20=117.069763
Y20=-100
Z20=217.326950
X21=143.944824
Y21=-100
Z21=209.623550
X22=158.038071
Y22=-100
Z22=190.716492
X23=172.355103
Y23=-100
Z23=172.776245
X24=194.945755
Y24=-100
Z24=162.771729
X25=210.712006
Y25=-100
Z25=144.463440
X26=193.267685
Y26=-100
Z26=122.876793
X27=185.215927
Y27=-100
Z27=109.592094
X28=197.450577
Y28=-100
Z28=104.410233
X29=208.675049
Y29=-100
Z29=92.198929
