[teleport_info]
teleport_count=2
[teleport0]
guid=0
lua_index=300484
teleport_l=16.0000
teleport_t=104.0000
teleport_r=28.0000
teleport_b=118.0000
[teleport1]
guid=1
lua_index=490201
teleport_l=192.000000
teleport_t=65.000000
teleport_r=199.000000
teleport_b=76.000000
