[pkarea_info]
pkarea_count=4

[pkarea0]
type=0
guid=1
camp=6
pkarea_l=423.000000
pkarea_t=293.000000
pkarea_r=455.000000
pkarea_b=328.000000

[pkarea1]
type=0
guid=1
camp=6
pkarea_l=225.000000
pkarea_t=448.000000
pkarea_r=265.500000
pkarea_b=480.500000

[pkarea2]
type=0
guid=1
camp=6
pkarea_l=105.000000
pkarea_t=413.000000
pkarea_r=143.500000
pkarea_b=455.500000

[pkarea3]
type=0
guid=1
camp=6
pkarea_l=403.000000
pkarea_t=411.000000
pkarea_r=436.500000
pkarea_b=445.500000