[teleport_info]
teleport_count=3
[teleport0]
guid=0
lua_index=490487
teleport_l=103.000000
teleport_t=106.000000
teleport_r=111.000000
teleport_b=112.000000
[teleport1]
guid=1
lua_index=490491
teleport_l=40.000000
teleport_t=18.000000
teleport_r=48.000000
teleport_b=25.000000
[teleport2]
guid=2
lua_index=490489
teleport_l=55.000000
teleport_t=103.000000
teleport_r=62.000000
teleport_b=111.000000