[INFO]
XUNLUOPATHCOUNT=4
[XUNLUO0]
XUNLUOPOINTCOUNT=5
X0=123.892220
Y0=-100
Z0=100.254555
X1=124.288429
Y1=-100
Z1=73.420944
X2=110.638802
Y2=-100
Z2=72.984657
X3=110.125191
Y3=-100
Z3=99.563438
X4=121.927574
Y4=-100
Z4=100.718544
X5=145.959763
Y5=-100
Z5=173.105865
X6=146.097610
Y6=-100
Z6=168.985474
X7=72.411896
Y7=-100
Z7=174.422073
X8=78.481583
Y8=-100
Z8=174.016647
X9=79.230324
Y9=-100
Z9=152.826752
X10=50.337578
Y10=-100
Z10=152.524399
X11=50.353432
Y11=-100
Z11=174.838867
[XUNLUO1]
XUNLUOPOINTCOUNT=5
X0=76.867165
Y0=-100
Z0=97.332733
X1=75.564163
Y1=-100
Z1=73.059998
X2=57.881378
Y2=-100
Z2=72.347260
X3=55.932838
Y3=-100
Z3=97.327766
X4=75.036919
Y4=-100
Z4=97.924774
X5=70.582138
Y5=-100
Z5=102.057770
X6=67.348465
Y6=-100
Z6=115.754364
X7=83.354027
Y7=-100
Z7=118.445763
X8=97.800194
Y8=-100
Z8=116.714905
[XUNLUO2]
XUNLUOPOINTCOUNT=5
X0=78.422119
Y0=-100
Z0=165.825211
X1=55.271168
Y1=-100
Z1=164.118774
X2=55.056870
Y2=-100
Z2=154.884521
X3=79.502327
Y3=-100
Z3=154.904358
X4=78.979935
Y4=-100
Z4=165.467072
X5=79.502327
Y5=-100
Z5=154.904358
X6=80.171310
Y6=-100
Z6=174.283920
X7=69.627586
Y7=-100
Z7=173.914001
X8=68.436478
Y8=-100
Z8=211.564133
X9=145.643936
Y9=-100
Z9=81.608528
[XUNLUO3]
XUNLUOPOINTCOUNT=5
X0=139.493454
Y0=-100
Z0=172.963806
X1=114.040436
Y1=-100
Z1=173.237701
X2=113.230286
Y2=-100
Z2=155.904358
X3=139.324524
Y3=-100
Z3=155.546936
X4=139.680252
Y4=-100
Z4=171.643875
X5=103.421524
Y5=-100
Z5=172.874451
X6=103.339027
Y6=-100
Z6=155.757538
X7=139.324524
Y7=-100
Z7=155.546936
X8=139.680252
Y8=-100
Z8=171.643875
X9=127.504181
Y9=-100
Z9=173.027069
X10=130.059021
Y10=-100
Z10=190.231476
X11=140.959106
Y11=-100
Z11=191.269669
X12=140.758499
Y12=-100
Z12=205.279709
