[teleport_info]
teleport_count=1
[teleport0]
guid=0
lua_index=490038
teleport_l=27.000000
teleport_t=12.000000
teleport_r=33.000000
teleport_b=18.000000