[teleport_info]
teleport_count=2
[teleport0]
guid=0
lua_index=300464
teleport_l=184.000000
teleport_t=204.000000
teleport_r=194.000000
teleport_b=214.000000
[teleport1]
guid=1
lua_index=300397
teleport_l=184.000000
teleport_t=22.000000
teleport_r=194.000000
teleport_b=33.000000
