[INFO]
XUNLUOPATHCOUNT=5
[XUNLUO0]
XUNLUOPOINTCOUNT=3
X0=209.760147
Y0=-100
Z0=211.730408
X1=205.073746
Y1=-100
Z1=212.336899
X2=188.413742
Y2=-100
Z2=213.303497
[XUNLUO1]
XUNLUOPOINTCOUNT=2
X0=186.539886
Y0=-100
Z0=210.612671
X1=208.811646
Y1=-100
Z1=208.968338
[XUNLUO2]
XUNLUOPOINTCOUNT=2
X0=206.702576
Y0=-100
Z0=206.556915
X1=206.460526
Y1=-100
Z1=197.233276
[XUNLUO3]
XUNLUOPOINTCOUNT=2
X0=196.623123
Y0=-100
Z0=207.443130
X1=197.083389
Y1=-100
Z1=196.912292
[XUNLUO4]
XUNLUOPOINTCOUNT=25
X0=213.611908
Y0=-100
Z0=169.406296
X1=196.059494
Y1=-100
Z1=171.616058
X2=181.499817
Y2=-100
Z2=178.016800
X3=165.256592
Y3=-100
Z3=166.222305
X4=152.009415
Y4=-100
Z4=145.284683
X5=147.018433
Y5=-100
Z5=128.949997
X6=133.998001
Y6=-100
Z6=131.574860
X7=106.358521
Y7=-100
Z7=133.860214
X8=102.490334
Y8=-100
Z8=163.651596
X9=85.282883
Y9=-100
Z9=183.877289
X10=61.838818
Y10=-100
Z10=179.290054
X11=39.623692
Y11=-100
Z11=156.776657
X12=49.508350
Y12=-100
Z12=126.623177
X13=70.855293
Y13=-100
Z13=104.063423
X14=95.469368
Y14=-100
Z14=98.118095
X15=99.941406
Y15=-100
Z15=113.038383
X16=106.467628
Y16=-100
Z16=131.852692
X17=140.294266
Y17=-100
Z17=131.965652
X18=155.609100
Y18=-100
Z18=96.582367
X19=174.172089
Y19=-100
Z19=88.069221
X20=197.683167
Y20=-100
Z20=95.717781
X21=194.752594
Y21=-100
Z21=123.334213
X22=211.228607
Y22=-100
Z22=132.103119
X23=218.652390
Y23=-100
Z23=152.801407
X24=213.598892
Y24=-100
Z24=169.305923
