[pkarea_info]
pkarea_count=2

[pkarea0]
type=0
guid=1
camp=5
pkarea_l=202.000000
pkarea_t=17.000000
pkarea_r=233.000000
pkarea_b=48.000000
[pkarea1]
type=0
guid=1
camp=6
pkarea_l=16.000000
pkarea_t=201.000000
pkarea_r=48.000000
pkarea_b=232.000000

