[teleport_info]
teleport_count=1
[teleport0]
guid=0
lua_index=490477
teleport_l=31.000000
teleport_t=15.000000
teleport_r=41.000000
teleport_b=23.000000
