[INFO]
XUNLUOPATHCOUNT=1
[XUNLUO0]
XUNLUOPOINTCOUNT=21
X0=206.484207
Y0=-100
Z0=210.644836
X1=209.946854
Y1=-100
Z1=202.396866
X2=214.543594
Y2=-100
Z2=171.254410
X3=227.342911
Y3=-100
Z3=147.045242
X4=225.795105
Y4=-100
Z4=122.818123
X5=222.395203
Y5=-100
Z5=94.395920
X6=220.050400
Y6=-100
Z6=55.419102
X7=205.641724
Y7=-100
Z7=43.153046
X8=166.697083
Y8=-100
Z8=42.720234
X9=141.819321
Y9=-100
Z9=43.873135
X10=139.243164
Y10=-100
Z10=58.153442
X11=139.419769
Y11=-100
Z11=80.123543
X12=158.373642
Y12=-100
Z12=96.296730
X13=157.226074
Y13=-100
Z13=112.793816
X14=152.955750
Y14=-100
Z14=136.014359
X15=164.968369
Y15=-100
Z15=153.277313
X16=186.438568
Y16=-100
Z16=163.021317
X17=209.094360
Y17=-100
Z17=169.005447
X18=213.048676
Y18=-100
Z18=175.629166
X19=209.709717
Y19=-100
Z19=202.291550
X20=206.496429
Y20=-100
Z20=210.660202
