[teleport_info]
teleport_count=2
[teleport0]
guid=0
lua_index=300464
teleport_l=51.000000
teleport_t=191.000000
teleport_r=59.000000
teleport_b=200.000000
[teleport1]
guid=1
lua_index=300397
teleport_l=50.000000
teleport_t=54.000000
teleport_r=59.000000
teleport_b=63.000000
