[pkarea_info]
pkarea_count=2

[pkarea0]
type=0
guid=1
pkarea_l=64.000000
pkarea_t=75.000000
pkarea_r=72.000000
pkarea_b=83.000000


[pkarea1]
type=0
guid=1
pkarea_l=179.000000
pkarea_t=177.000000
pkarea_r=186.500000
pkarea_b=183.500000