[teleport_info]
teleport_count=2
[teleport0]
guid=0
lua_index=300593
teleport_l=57.000000
teleport_t=58.000000
teleport_r=66.000000
teleport_b=69.000000
[teleport1]
guid=1
lua_index=300529
teleport_l=68.000000
teleport_t=223.000000
teleport_r=77.000000
teleport_b=232.000000
