[teleport_info]
teleport_count=2
[teleport0]
guid=0
lua_index=300464
teleport_l=90.000000
teleport_t=23.000000
teleport_r=100.000000
teleport_b=30.000000
[teleport1]
guid=1
lua_index=300397
teleport_l=219.000000
teleport_t=57.000000
teleport_r=230.000000
teleport_b=66.000000
