[teleport_info]
teleport_count=2
[teleport0]
guid=0
lua_index=700087
teleport_l=72.000000
teleport_t=193.000000
teleport_r=86.000000
teleport_b=218.000000
[teleport1]
guid=1
lua_index=700087
teleport_l=92.000000
teleport_t=40.000000
teleport_r=111.000000
teleport_b=54.000000
