[teleport_info]
teleport_count=2
[teleport0]
guid=0
lua_index=300545
teleport_l=232.000000
teleport_t=127.000000
teleport_r=240.000000
teleport_b=137.000000
[teleport1]
guid=1
lua_index=300542
teleport_l=19.000000
teleport_t=113.000000
teleport_r=31.000000
teleport_b=122.000000

