[INFO]
XUNLUOPATHCOUNT=4
[XUNLUO0]
XUNLUOPOINTCOUNT=4
X0=49.910797
Y0=-100
Z0=134.674866
X1=47.130020
Y1=-100
Z1=102.493546
X2=65.955803
Y2=-100
Z2=103.342529
X3=65.084915
Y3=-100
Z3=136.368820
X4=65.955803
Y4=-100
Z4=103.342529
X5=48.796818
Y5=-100
Z5=147.620193
X6=63.642277
Y6=-100
Z6=181.323196
[XUNLUO1]
XUNLUOPOINTCOUNT=5
X0=109.206421
Y0=-100
Z0=188.592346
X1=137.254791
Y1=-100
Z1=189.453644
X2=137.206207
Y2=-100
Z2=210.439407
X3=109.583321
Y3=-100
Z3=211.200150
X4=108.913406
Y4=-100
Z4=189.937698
X5=146.837036
Y5=-100
Z5=208.833344
X6=108.100761
Y6=-100
Z6=164.238190
[XUNLUO2]
XUNLUOPOINTCOUNT=6
X0=135.245361
Y0=-100
Z0=144.536194
X1=135.040909
Y1=-100
Z1=117.130913
X2=118.756584
Y2=-100
Z2=116.086723
X3=118.636780
Y3=-100
Z3=143.204910
X4=118.966675
Y4=-100
Z4=143.461823
X5=134.889114
Y5=-100
Z5=145.123138
X6=118.756584
Y6=-100
Z6=116.086723
X7=118.636780
Y7=-100
Z7=143.204910
X8=118.470497
Y8=-100
Z8=154.544922
X9=106.886665
Y9=-100
Z9=155.313156
[XUNLUO3]
XUNLUOPOINTCOUNT=4
X0=183.410004
Y0=-100
Z0=85.441048
X1=184.069244
Y1=-100
Z1=114.965164
X2=192.376175
Y2=-100
Z2=115.413315
X3=192.299210
Y3=-100
Z3=84.916512
X4=191.403168
Y4=-100
Z4=157.917526
X5=192.301117
Y5=-100
Z5=73.464020
X6=138.263092
Y6=-100
Z6=138.833954
X7=117.557083
Y7=-100
Z7=116.534271
X8=146.818878
Y8=-100
Z8=72.734558
