[INFO]
XUNLUOPATHCOUNT=4
[XUNLUO0]
XUNLUOPOINTCOUNT=5
X0=94.883148
Y0=-100
Z0=151.791443
X1=95.245026
Y1=-100
Z1=170.375122
X2=119.750435
Y2=-100
Z2=170.654556
X3=118.978004
Y3=-100
Z3=151.455750
X4=96.372818
Y4=-100
Z4=151.630493
X5=98.040840
Y5=-100
Z5=182.892624
[XUNLUO1]
XUNLUOPOINTCOUNT=5
X0=145.308609
Y0=-100
Z0=158.808411
X1=146.993439
Y1=-100
Z1=174.868759
X2=188.266205
Y2=-100
Z2=171.801437
X3=186.604584
Y3=-100
Z3=155.933411
X4=146.417374
Y4=-100
Z4=158.468231
X5=111.200310
Y5=-100
Z5=55.250301
X6=111.273193
Y6=-100
Z6=93.980164
[XUNLUO2]
XUNLUOPOINTCOUNT=5
X0=73.606804
Y0=-100
Z0=57.752151
X1=75.077965
Y1=-100
Z1=77.909927
X2=104.178947
Y2=-100
Z2=77.379555
X3=102.817650
Y3=-100
Z3=57.631226
X4=75.390839
Y4=-100
Z4=57.471050
X5=102.817650
Y5=-100
Z5=57.631226
X6=59.988781
Y6=-100
Z6=56.832783
X7=161.960815
Y7=-100
Z7=52.086124
[XUNLUO3]
XUNLUOPOINTCOUNT=5
X0=127.047218
Y0=-100
Z0=56.953190
X1=155.404984
Y1=-100
Z1=55.933338
X2=155.070694
Y2=-100
Z2=85.669945
X3=129.168274
Y3=-100
Z3=86.535614
X4=126.639221
Y4=-100
Z4=58.492287
X5=157.704071
Y5=-100
Z5=164.637390
X6=169.675766
Y6=-100
Z6=187.774002
X7=189.866913
Y7=-100
Z7=157.438004
X8=162.981842
Y8=-100
Z8=168.383804
