[teleport_info]
teleport_count=2
[teleport0]
guid=0
lua_index=300588
teleport_l=236.000000
teleport_t=34.000000
teleport_r=246.000000
teleport_b=42.000000
[teleport1]
guid=1
lua_index=300591
teleport_l=238.000000
teleport_t=213.000000
teleport_r=246.000000
teleport_b=222.000000
