[INFO]
XUNLUOPATHCOUNT=1
[XUNLUO0]
XUNLUOPOINTCOUNT=12
X0=227.842697
Y0=-100
Z0=130.205750
X1=203.797699
Y1=-100
Z1=128.169540
X2=187.077744
Y2=-100
Z2=128.508636
X3=154.927734
Y3=-100
Z3=127.796402
X4=138.531448
Y4=-100
Z4=127.604866
X5=113.228966
Y5=-100
Z5=128.038803
X6=95.900970
Y6=-100
Z6=129.381485
X7=86.979546
Y7=-100
Z7=128.067474
X8=113.218384
Y8=-100
Z8=127.978058
X9=154.824234
Y9=-100
Z9=127.759285
X10=187.105164
Y10=-100
Z10=128.362946
X11=227.847229
Y11=-100
Z11=128.264084
