[INFO]
XUNLUOPATHCOUNT=1
[XUNLUO0]
XUNLUOPOINTCOUNT=31
X0=216.657181
Y0=-100
Z0=209.180939
X1=191.281189
Y1=-100
Z1=200.326111
X2=172.173615
Y2=-100
Z2=198.411743
X3=158.960846
Y3=-100
Z3=196.224426
X4=141.924545
Y4=-100
Z4=183.030502
X5=144.891479
Y5=-100
Z5=149.770920
X6=160.961288
Y6=-100
Z6=147.082092
X7=180.709778
Y7=-100
Z7=147.148132
X8=206.337143
Y8=-100
Z8=142.034119
X9=214.296967
Y9=-100
Z9=118.273018
X10=183.920700
Y10=-100
Z10=92.430275
X11=165.632675
Y11=-100
Z11=66.518211
X12=147.418655
Y12=-100
Z12=44.547802
X13=130.550873
Y13=-100
Z13=41.732677
X14=109.277817
Y14=-100
Z14=44.414745
X15=100.530586
Y15=-100
Z15=65.316330
X16=80.153831
Y16=-100
Z16=77.140137
X17=62.646587
Y17=-100
Z17=95.050972
X18=44.664425
Y18=-100
Z18=109.624245
X19=54.331799
Y19=-100
Z19=131.855972
X20=53.592865
Y20=-100
Z20=162.223557
X21=60.239414
Y21=-100
Z21=182.804291
X22=81.943916
Y22=-100
Z22=196.866425
X23=102.176003
Y23=-100
Z23=208.023743
X24=119.888618
Y24=-100
Z24=217.075897
X25=130.145157
Y25=-100
Z25=228.425018
X26=152.153900
Y26=-100
Z26=231.452118
X27=173.712341
Y27=-100
Z27=231.503006
X28=186.651978
Y28=-100
Z28=225.628998
X29=197.466690
Y29=-100
Z29=217.265167
X30=216.636703
Y30=-100
Z30=209.279449
