[INFO]
XUNLUOPATHCOUNT=4
[XUNLUO0]
XUNLUOPOINTCOUNT=5
X0=67.841797
Y0=-100
Z0=103.543877
X1=67.687721
Y1=-100
Z1=128.652603
X2=47.144283
Y2=-100
Z2=128.469788
X3=47.130020
Y3=-100
Z3=102.493546
X4=65.955803
Y4=-100
Z4=103.342529
X5=48.796818
Y5=-100
Z5=147.620193
X6=63.642277
Y6=-100
Z6=181.323196
[XUNLUO1]
XUNLUOPOINTCOUNT=5
X0=109.122231
Y0=-100
Z0=188.726685
X1=127.746284
Y1=-100
Z1=189.325302
X2=127.720924
Y2=-100
Z2=210.814896
X3=109.583321
Y3=-100
Z3=211.200150
X4=108.913406
Y4=-100
Z4=189.937698
X5=146.837036
Y5=-100
Z5=208.833344
X6=108.100761
Y6=-100
Z6=164.238190
[XUNLUO2]
XUNLUOPOINTCOUNT=5
X0=135.526123
Y0=-100
Z0=144.046295
X1=135.040909
Y1=-100
Z1=117.130913
X2=118.756584
Y2=-100
Z2=116.086723
X3=118.636780
Y3=-100
Z3=143.204910
X4=134.801468
Y4=-100
Z4=144.118912
X5=135.040909
Y5=-100
Z5=117.130913
X6=118.756584
Y6=-100
Z6=116.086723
X7=118.636780
Y7=-100
Z7=143.204910
X8=118.470497
Y8=-100
Z8=154.544922
X9=106.886665
Y9=-100
Z9=155.313156
[XUNLUO3]
XUNLUOPOINTCOUNT=5
X0=175.382858
Y0=-100
Z0=113.993576
X1=175.898682
Y1=-100
Z1=83.777214
X2=185.243408
Y2=-100
Z2=83.428368
X3=184.814178
Y3=-100
Z3=113.934166
X4=175.450394
Y4=-100
Z4=114.297775
X5=192.301117
Y5=-100
Z5=73.464020
X6=138.263092
Y6=-100
Z6=138.833954
X7=117.557083
Y7=-100
Z7=116.534271
X8=146.818878
Y8=-100
Z8=72.734558
