[teleport_info]
teleport_count=2
[teleport0]
guid=0
lua_index=300474
teleport_l=125.000000
teleport_t=25.000000
teleport_r=131.000000
teleport_b=29.000000
[teleport1]
guid=1
lua_index=550500
teleport_l=183.000000
teleport_t=240.000000
teleport_r=193.000000
teleport_b=249.000000
