[teleport_info]
teleport_count=1
[teleport0]
guid=0
lua_index=300398
teleport_l=211.000000
teleport_t=188.000000
teleport_r=221.000000
teleport_b=200.000000
