[teleport_info]
teleport_count=2
[teleport0]
guid=0
lua_index=700027
teleport_l=2.000000
teleport_t=76.000000
teleport_r=19.000000
teleport_b=87.000000
[teleport1]
guid=1
lua_index=700027
teleport_l=113.000000
teleport_t=78.000000
teleport_r=122.000000
teleport_b=86.000000
