[INFO]
XUNLUOPATHCOUNT=7
[XUNLUO0]
XUNLUOPOINTCOUNT=2
X0=88.386497
Y0=-100
Z0=78.016136
X1=72.320000
Y1=-100
Z1=78.852814
[XUNLUO1]
XUNLUOPOINTCOUNT=6
X0=38.893742
Y0=-100
Z0=64.758118
X1=24.783363
Y1=-100
Z1=64.800598
X2=24.805950
Y2=-100
Z2=83.980911
X3=53.125977
Y3=-100
Z3=83.939957
X4=53.258736
Y4=-100
Z4=64.917473
X5=39.280140
Y5=-100
Z5=78.122650
[XUNLUO2]
XUNLUOPOINTCOUNT=2
X0=59.972633
Y0=-100
Z0=33.999252
X1=81.720978
Y1=-100
Z1=34.037685
[XUNLUO3]
XUNLUOPOINTCOUNT=2
X0=59.935322
Y0=-100
Z0=30.078175
X1=81.715706
Y1=-100
Z1=30.156513
[XUNLUO4]
XUNLUOPOINTCOUNT=2
X0=60.026825
Y0=-100
Z0=26.150410
X1=81.700073
Y1=-100
Z1=26.124506
[XUNLUO5]
XUNLUOPOINTCOUNT=2
X0=60.044594
Y0=-100
Z0=22.025097
X1=81.636810
Y1=-100
Z1=21.955307
[XUNLUO6]
XUNLUOPOINTCOUNT=2
X0=60.025570
Y0=-100
Z0=17.977423
X1=81.703972
Y1=-100
Z1=17.992285
