[INFO]
XUNLUOPATHCOUNT=4
[XUNLUO0]
XUNLUOPOINTCOUNT=6
X0=64.461296
Y0=-100
Z0=115.809914
X1=63.829708
Y1=-100
Z1=143.185608
X2=49.642704
Y2=-100
Z2=142.370758
X3=49.442055
Y3=-100
Z3=115.528786
X4=64.566185
Y4=-100
Z4=115.650726
X5=64.476555
Y5=-100
Z5=115.681389
X6=63.642277
Y6=-100
Z6=181.323196
[XUNLUO1]
XUNLUOPOINTCOUNT=6
X0=140.386719
Y0=-100
Z0=191.353012
X1=140.481903
Y1=-100
Z1=194.924561
X2=140.918579
Y2=-100
Z2=205.067368
X3=119.109985
Y3=-100
Z3=204.479553
X4=118.887184
Y4=-100
Z4=191.236328
X5=139.786057
Y5=-100
Z5=191.062927
X6=108.100761
Y6=-100
Z6=164.238190
[XUNLUO2]
XUNLUOPOINTCOUNT=5
X0=119.476524
Y0=-100
Z0=144.356155
X1=117.272652
Y1=-100
Z1=116.652809
X2=136.491348
Y2=-100
Z2=116.736084
X3=135.916855
Y3=-100
Z3=144.955887
X4=119.559845
Y4=-100
Z4=144.504791
X5=135.040909
Y5=-100
Z5=117.130913
X6=118.756584
Y6=-100
Z6=116.086723
X7=118.636780
Y7=-100
Z7=143.204910
X8=118.470497
Y8=-100
Z8=154.544922
X9=106.886665
Y9=-100
Z9=155.313156
[XUNLUO3]
XUNLUOPOINTCOUNT=5
X0=176.665619
Y0=-100
Z0=112.184044
X1=176.059601
Y1=-100
Z1=91.686226
X2=185.015259
Y2=-100
Z2=91.283295
X3=185.241318
Y3=-100
Z3=112.693810
X4=176.749588
Y4=-100
Z4=112.290222
X5=192.301117
Y5=-100
Z5=73.464020
X6=138.263092
Y6=-100
Z6=138.833954
X7=117.557083
Y7=-100
Z7=116.534271
X8=146.818878
Y8=-100
Z8=72.734558
