[INFO]
XUNLUOPATHCOUNT=1
[XUNLUO0]
XUNLUOPOINTCOUNT=20
X0=42.966675
Y0=-100
Z0=202.292664
X1=54.411034
Y1=-100
Z1=202.292862
X2=63.478874
Y2=-100
Z2=205.818848
X3=70.723198
Y3=-100
Z3=204.264954
X4=79.364548
Y4=-100
Z4=193.524185
X5=94.741692
Y5=-100
Z5=192.097809
X6=105.358459
Y6=-100
Z6=207.055344
X7=127.728653
Y7=-100
Z7=206.327362
X8=126.498299
Y8=-100
Z8=187.529785
X9=116.008018
Y9=-100
Z9=179.871277
X10=111.313217
Y10=-100
Z10=165.568085
X11=96.788330
Y11=-100
Z11=162.524323
X12=82.033920
Y12=-100
Z12=159.492767
X13=66.005600
Y13=-100
Z13=158.327408
X14=49.480392
Y14=-100
Z14=158.183395
X15=35.050827
Y15=-100
Z15=161.534363
X16=31.344971
Y16=-100
Z16=176.178665
X17=35.014374
Y17=-100
Z17=186.515610
X18=40.119560
Y18=-100
Z18=193.504059
X19=42.990746
Y19=-100
Z19=202.312347
